0.251096 0.070369 0.137842 0.039371 0.493228 0.008094
0.269823 0.068560 0.113394 0.042787 0.497615 0.007821
0.300253 0.047088 0.102798 0.061049 0.477268 0.011545
0.298680 0.063046 0.090081 0.082718 0.450516 0.014958
0.313368 0.048678 0.080096 0.037907 0.508727 0.011224
0.323528 0.048859 0.063094 0.057680 0.501240 0.005599
0.309786 0.058156 0.128179 0.035656 0.455281 0.012942
0.282665 0.059904 0.099237 0.052893 0.494577 0.010723
0.285342 0.073536 0.093112 0.060300 0.467679 0.020031
0.716593 0.019476 0.059935 0.000010 0.160902 0.043083
0.791837 0.035678 0.000010 0.000010 0.147000 0.025465
0.732714 0.021096 0.058100 0.000010 0.145941 0.042139
0.786097 0.029160 0.018760 0.000010 0.139652 0.026321
0.800617 0.026937 0.009163 0.000010 0.131262 0.032010
0.826834 0.029611 0.000010 0.000010 0.113867 0.029668
0.783861 0.015633 0.016470 0.000010 0.151043 0.032983
0.801392 0.017039 0.000010 0.000010 0.149845 0.031703
0.000010 0.000010 0.000010 0.000010 0.000010 0.999950
0.000836 0.000010 0.000010 0.000010 0.000010 0.999124
0.000010 0.000010 0.000010 0.000010 0.000010 0.999950
0.000010 0.000010 0.000010 0.000010 0.000010 0.999950
0.000010 0.000010 0.000010 0.000010 0.000010 0.999950
0.000010 0.000010 0.000010 0.000010 0.000010 0.999950
0.000010 0.000010 0.000010 0.000010 0.000010 0.999950
0.483397 0.009568 0.027133 0.460345 0.011463 0.008093
0.497339 0.009888 0.056190 0.430378 0.000010 0.006195
0.434230 0.015056 0.098995 0.428843 0.000010 0.022866
0.483226 0.010586 0.061882 0.435725 0.000010 0.008572
0.477892 0.000010 0.053098 0.448162 0.000083 0.020755
0.414559 0.017567 0.102730 0.443003 0.000010 0.022132
0.493150 0.014141 0.034698 0.441656 0.000010 0.016346
0.476866 0.010314 0.060046 0.441190 0.000010 0.011575
0.439368 0.018368 0.078140 0.443474 0.001183 0.019467
0.427101 0.000010 0.066938 0.466186 0.020640 0.019125
0.410884 0.007657 0.085039 0.477115 0.011457 0.007849
0.421652 0.021261 0.076609 0.446671 0.003984 0.029822
0.411402 0.012594 0.095124 0.445131 0.017868 0.017881
0.492254 0.005718 0.066137 0.423527 0.000010 0.012356
0.437991 0.010958 0.076835 0.453506 0.000010 0.020698
0.393479 0.000010 0.123283 0.453718 0.002894 0.026616
0.424339 0.004287 0.118709 0.423817 0.007750 0.021098
0.475444 0.009059 0.039654 0.460787 0.000010 0.015046
0.440555 0.020271 0.087341 0.434106 0.000010 0.017718
0.388180 0.003534 0.128307 0.464333 0.000010 0.015636
0.474772 0.010725 0.073489 0.417000 0.010517 0.013498
0.427819 0.018695 0.077638 0.472695 0.000010 0.003142
0.414926 0.015168 0.078591 0.467525 0.000010 0.023780
0.477624 0.017428 0.079746 0.424560 0.000632 0.000010
0.398131 0.007898 0.114188 0.464211 0.009799 0.005773
0.422614 0.006909 0.087566 0.470806 0.000010 0.012094
0.405512 0.012792 0.135902 0.435353 0.000010 0.010431
0.484466 0.006178 0.058535 0.439794 0.005852 0.005174
0.403942 0.017771 0.126508 0.423948 0.002907 0.024925
0.197036 0.029812 0.000010 0.747119 0.000010 0.026013
0.337965 0.000010 0.089517 0.491982 0.002553 0.077974
0.293427 0.014129 0.057761 0.502238 0.011768 0.120676
0.307325 0.014259 0.045275 0.540405 0.016381 0.076356
0.194666 0.028060 0.000010 0.720351 0.002623 0.054291
0.222964 0.011936 0.000010 0.708658 0.000010 0.056423
0.338684 0.025273 0.058596 0.505802 0.005555 0.066090
0.330664 0.016129 0.077066 0.494751 0.006841 0.074549
0.342544 0.013758 0.071260 0.472805 0.025282 0.074350
0.305946 0.007871 0.072393 0.504379 0.022529 0.086882
0.172471 0.024554 0.000010 0.773092 0.004713 0.025160
0.192270 0.000229 0.000010 0.771017 0.013240 0.023235
0.275455 0.012830 0.064655 0.496269 0.006888 0.143903
0.286931 0.006098 0.079243 0.483879 0.019451 0.124397
0.340247 0.015849 0.086285 0.461050 0.000010 0.096560
0.216824 0.010113 0.004200 0.701600 0.020879 0.046384
0.347406 0.018177 0.048419 0.496280 0.004940 0.084777
0.281802 0.018828 0.060791 0.512737 0.000010 0.125832
0.277158 0.017324 0.057303 0.587276 0.004862 0.056077
0.277477 0.006026 0.069957 0.483046 0.019026 0.144468
0.231826 0.011002 0.000010 0.697206 0.013589 0.046367
0.359138 0.000757 0.021178 0.534699 0.014067 0.070161
0.174811 0.039064 0.000010 0.759155 0.000010 0.026950
0.318054 0.016794 0.074104 0.508036 0.011529 0.071482
0.323593 0.019143 0.060603 0.484478 0.012882 0.099301
0.257439 0.007659 0.066759 0.510440 0.009022 0.148681
0.313795 0.013297 0.054155 0.524895 0.013394 0.080464
0.207748 0.025657 0.000010 0.727198 0.005829 0.033559
0.176751 0.018111 0.000010 0.779691 0.004702 0.020735
0.243821 0.030275 0.000010 0.692858 0.002706 0.030330
0.221380 0.027116 0.000010 0.715216 0.000010 0.036269
0.227258 0.016462 0.000010 0.719674 0.007771 0.028825
0.380510 0.000103 0.085279 0.449658 0.026462 0.057989
0.096469 0.000010 0.491701 0.411800 0.000010 0.000010
0.067960 0.000010 0.533907 0.398103 0.000010 0.000010
0.070903 0.000010 0.501718 0.427348 0.000010 0.000010
0.057350 0.000010 0.521319 0.421300 0.000010 0.000010
0.082051 0.000010 0.493812 0.424107 0.000010 0.000010
0.043706 0.000010 0.549966 0.406298 0.000010 0.000010
0.081784 0.000010 0.487472 0.430714 0.000010 0.000010
0.080690 0.003680 0.502136 0.413474 0.000010 0.000010
0.068761 0.000010 0.531078 0.400131 0.000010 0.000010
0.202651 0.020693 0.000010 0.747619 0.006168 0.022858
0.148206 0.013061 0.684839 0.141225 0.012659 0.000010
0.141500 0.015441 0.695142 0.132800 0.006579 0.008539
0.157665 0.015918 0.671959 0.138474 0.013178 0.002805
0.123372 0.010211 0.701544 0.136945 0.026644 0.001283
0.137483 0.008809 0.703099 0.148219 0.002379 0.000010
0.143957 0.005934 0.718485 0.121542 0.010072 0.000010
0.136136 0.016011 0.707304 0.121804 0.016132 0.002613
0.144452 0.017229 0.674695 0.157869 0.000857 0.004899
0.000010 0.000010 0.000010 0.042254 0.000010 0.957706
0.000010 0.000010 0.000010 0.048233 0.000010 0.951727
0.000010 0.000010 0.000010 0.031072 0.009025 0.959873
0.000010 0.000010 0.000010 0.055110 0.000010 0.944850
0.000010 0.000010 0.000010 0.060970 0.000010 0.938990
0.000010 0.004482 0.000010 0.042796 0.007115 0.945587
0.000010 0.000010 0.000010 0.028763 0.000010 0.971197
0.000545 0.000010 0.000010 0.015439 0.000010 0.983986
0.000010 0.000010 0.000010 0.019338 0.000010 0.980622
0.000010 0.000010 0.000010 0.020622 0.000010 0.979338
0.000010 0.002771 0.000010 0.020716 0.000010 0.976483
0.000010 0.000039 0.000010 0.021051 0.010138 0.968753
0.000010 0.000010 0.000010 0.016207 0.002749 0.981014
0.000010 0.000010 0.000010 0.011035 0.000010 0.988925
0.000010 0.000010 0.000010 0.021768 0.000010 0.978192
0.000010 0.000599 0.000309 0.026176 0.000010 0.972896
0.000010 0.000010 0.000010 0.015801 0.000010 0.984159
0.000010 0.000010 0.000010 0.000010 0.000010 0.999950
0.000014 0.000010 0.000010 0.000010 0.000010 0.999946
0.000010 0.999950 0.000010 0.000010 0.000010 0.000010
0.000010 0.999947 0.000010 0.000013 0.000010 0.000010
0.000010 0.999950 0.000010 0.000010 0.000010 0.000010
0.000010 0.999944 0.000010 0.000010 0.000016 0.000010
0.000010 0.999950 0.000010 0.000010 0.000010 0.000010
0.000010 0.999947 0.000010 0.000010 0.000013 0.000010
0.000010 0.999944 0.000010 0.000010 0.000016 0.000010
0.000010 0.999950 0.000010 0.000010 0.000010 0.000010
0.090192 0.000010 0.487882 0.421896 0.000010 0.000010
0.083921 0.000010 0.511716 0.404333 0.000010 0.000010
0.100113 0.000010 0.485966 0.413891 0.000010 0.000010
0.060759 0.000010 0.502744 0.436467 0.000010 0.000010
0.113898 0.000010 0.487196 0.396393 0.000010 0.002493
0.074656 0.000010 0.524139 0.401175 0.000010 0.000010
0.113813 0.000010 0.499754 0.386403 0.000010 0.000010
0.055745 0.000010 0.538534 0.405690 0.000010 0.000010
0.000012 0.000010 0.000010 0.000010 0.000010 0.999948
0.196351 0.007828 0.520358 0.275443 0.000010 0.000010
0.179051 0.000010 0.543601 0.267847 0.009481 0.000010
0.207637 0.008358 0.486991 0.294251 0.000010 0.002753
0.191011 0.010112 0.511366 0.287490 0.000010 0.000010
0.206293 0.003825 0.498525 0.276371 0.002278 0.012708
0.207437 0.000010 0.506374 0.279147 0.007021 0.000010
0.214454 0.013312 0.488081 0.282487 0.001657 0.000010
0.236805 0.000010 0.436590 0.326575 0.000010 0.000010
0.262886 0.004893 0.430332 0.297218 0.000010 0.004661
0.271780 0.000010 0.427497 0.284458 0.012215 0.004041
0.245463 0.000010 0.436991 0.315540 0.001986 0.000010
0.258064 0.011537 0.437517 0.290781 0.002091 0.000010
0.265305 0.016170 0.388453 0.320540 0.007847 0.001686
0.239033 0.014649 0.447414 0.298883 0.000010 0.000010
0.256034 0.000010 0.433067 0.309169 0.000010 0.001710
0.217514 0.011023 0.496495 0.274947 0.000010 0.000010
0.200757 0.015081 0.498914 0.285227 0.000010 0.000010
0.200482 0.000010 0.500285 0.299203 0.000010 0.000010
0.222653 0.002179 0.464514 0.310634 0.000010 0.000010
0.189870 0.000010 0.519488 0.290612 0.000010 0.000010
0.000010 0.000010 0.000010 0.050136 0.000010 0.949824
0.000010 0.000010 0.000010 0.045706 0.001838 0.952426
0.000010 0.008373 0.000010 0.030368 0.000010 0.961230
0.000010 0.000010 0.000010 0.054908 0.000010 0.945052
0.000010 0.000010 0.000010 0.032626 0.012013 0.955331
0.000010 0.000010 0.000010 0.053222 0.000010 0.946738
0.000010 0.006117 0.000010 0.000010 0.993843 0.000010
0.000010 0.000010 0.000010 0.000010 0.999950 0.000010
0.000010 0.024593 0.000010 0.000010 0.975367 0.000010
0.000010 0.000010 0.000010 0.000010 0.999950 0.000010
0.000010 0.000010 0.000010 0.000010 0.999950 0.000010
0.000010 0.000010 0.000010 0.000010 0.999950 0.000010
0.000010 0.004949 0.000010 0.000010 0.995011 0.000010
0.000010 0.023450 0.000010 0.000010 0.976510 0.000010
0.000010 0.031251 0.000010 0.000010 0.968709 0.000010
0.000010 0.054066 0.000010 0.000010 0.945894 0.000010
0.000010 0.038248 0.000010 0.000010 0.961712 0.000010
0.000010 0.032317 0.000010 0.000010 0.967643 0.000010
0.000010 0.039523 0.000010 0.000010 0.960437 0.000010
0.566384 0.023320 0.160856 0.207487 0.035856 0.006097
0.537883 0.008861 0.185809 0.201382 0.049902 0.016164
0.551674 0.013214 0.195430 0.204009 0.035663 0.000010
0.521520 0.024474 0.202676 0.221855 0.021675 0.007799
0.512559 0.019624 0.161459 0.212276 0.083183 0.010900
0.008940 0.004962 0.000010 0.387989 0.059735 0.538364
0.012816 0.005211 0.007205 0.406195 0.045214 0.523359
0.028310 0.010312 0.000010 0.417892 0.033399 0.510076
0.021561 0.005641 0.000010 0.384921 0.037517 0.550349
0.000010 0.007363 0.000010 0.086469 0.004726 0.901422
0.000010 0.004919 0.000010 0.084475 0.024694 0.885892
0.000010 0.000010 0.000010 0.092188 0.007015 0.900767
0.000010 0.002419 0.000010 0.085147 0.023241 0.889173
0.000010 0.005505 0.000010 0.091972 0.016176 0.886326
0.000010 0.000016 0.000010 0.086287 0.033554 0.880123
0.450985 0.023543 0.000010 0.054734 0.399455 0.071273
0.456431 0.022390 0.000010 0.056274 0.394647 0.070248
0.453363 0.033222 0.000010 0.048526 0.394004 0.070876
0.453203 0.018981 0.000010 0.038243 0.412440 0.077123
0.000010 0.002193 0.000010 0.028835 0.000010 0.968942
0.000010 0.000010 0.009073 0.023783 0.002053 0.965072
0.000010 0.000010 0.000010 0.023551 0.000010 0.976409
0.000010 0.000010 0.000010 0.023556 0.000010 0.976404
0.000019 0.000010 0.000010 0.024741 0.000010 0.975211
0.000010 0.000010 0.000010 0.019869 0.003741 0.976360
0.000010 0.000010 0.000010 0.027920 0.000010 0.972040
0.000010 0.002004 0.000010 0.010374 0.000010 0.987592
0.000010 0.000010 0.006993 0.009346 0.012521 0.971120
0.018142 0.000010 0.001251 0.000010 0.000010 0.980578
0.000010 0.000010 0.000010 0.021692 0.000010 0.978268
0.000325 0.000010 0.000010 0.019008 0.004707 0.975941
0.000010 0.000010 0.000010 0.025196 0.000010 0.974764
0.000010 0.000679 0.000010 0.027164 0.000010 0.972127
0.000010 0.002332 0.000010 0.020875 0.000010 0.976764
0.000010 0.000010 0.000010 0.019826 0.000010 0.980134
0.008552 0.000010 0.000010 0.019111 0.000010 0.972307
0.000010 0.000010 0.000010 0.024553 0.001708 0.973708
0.000010 0.000010 0.000010 0.021717 0.000010 0.978243
0.000010 0.000010 0.000010 0.024543 0.002502 0.972925
0.000010 0.000010 0.000010 0.021910 0.000010 0.978050
0.000010 0.000695 0.000010 0.027996 0.000010 0.971279
0.000010 0.000010 0.000010 0.031355 0.000010 0.968605
0.000010 0.000010 0.000010 0.025546 0.000010 0.974414
0.000010 0.000010 0.000010 0.027015 0.000010 0.972945
0.000010 0.000010 0.000010 0.023391 0.000010 0.976569
0.000010 0.000010 0.000010 0.025290 0.000010 0.974670
0.000010 0.000010 0.000010 0.028192 0.000010 0.971768
0.000010 0.005896 0.000010 0.013378 0.000010 0.980696
0.000010 0.005210 0.000010 0.016805 0.000010 0.977955
0.000010 0.000010 0.003914 0.017455 0.000010 0.978601
0.000010 0.000052 0.001037 0.029323 0.000010 0.969568
0.000010 0.000010 0.000010 0.010379 0.009283 0.980307
0.000010 0.006482 0.000010 0.024164 0.000010 0.969324
0.000010 0.000010 0.000012 0.019117 0.000010 0.980840
0.004675 0.000010 0.000010 0.015723 0.001477 0.978105
0.000010 0.006196 0.000566 0.019062 0.000010 0.974156
0.000010 0.000010 0.000010 0.019131 0.003017 0.977822
0.000010 0.000010 0.000010 0.015309 0.000010 0.984651
0.031005 0.000010 0.004817 0.000010 0.000010 0.964148
0.026744 0.000010 0.000010 0.000010 0.000010 0.973216
0.033986 0.000010 0.000010 0.000010 0.000010 0.965974
0.044547 0.000010 0.000010 0.000010 0.000010 0.955413
0.051342 0.000010 0.000010 0.000010 0.000010 0.948618
0.035020 0.000010 0.000010 0.000010 0.000010 0.964940
0.039671 0.000010 0.000010 0.000010 0.000010 0.960289
0.042557 0.000010 0.000010 0.000010 0.000010 0.957403
0.000010 0.000010 0.038519 0.030599 0.007697 0.923165
0.020313 0.000010 0.007340 0.060286 0.001542 0.910509
0.028502 0.000010 0.005131 0.034939 0.008842 0.922576
0.007013 0.000010 0.004747 0.032990 0.000010 0.955231
0.043919 0.000010 0.000010 0.010322 0.000010 0.945729
0.036272 0.000010 0.000014 0.021619 0.000010 0.942075
0.026567 0.007486 0.011264 0.028778 0.000010 0.925895
0.020270 0.000010 0.017805 0.030362 0.000010 0.931542
0.044853 0.000015 0.008282 0.013984 0.000010 0.932856
0.242194 0.017275 0.000010 0.694784 0.008749 0.036987
0.289904 0.016010 0.035006 0.422717 0.040395 0.195969
0.286057 0.007614 0.449916 0.242807 0.004217 0.009389
0.152931 0.024185 0.657994 0.150024 0.012575 0.002290
0.213775 0.009621 0.586743 0.163937 0.019151 0.006774
0.134438 0.018069 0.776902 0.039252 0.028765 0.002575
0.224255 0.014219 0.035395 0.589302 0.014711 0.122119
0.393104 0.000010 0.128870 0.411375 0.026527 0.040114
0.325786 0.015146 0.038559 0.551954 0.026729 0.041825
0.224552 0.018218 0.013604 0.410325 0.021287 0.312014
0.266817 0.015793 0.491978 0.225035 0.000368 0.000010
0.157199 0.018882 0.622012 0.184101 0.017797 0.000010
0.160483 0.021854 0.623095 0.179374 0.011571 0.003624
0.135114 0.021194 0.767433 0.055232 0.011186 0.009840
0.401708 0.008622 0.139368 0.365499 0.049960 0.034843
0.394292 0.028973 0.102439 0.440036 0.001308 0.032951
0.268522 0.004170 0.439383 0.271181 0.015063 0.001681
0.191594 0.024755 0.605014 0.154641 0.016002 0.007994
0.135410 0.014676 0.749983 0.060216 0.030002 0.009714
0.132768 0.021253 0.758102 0.075270 0.008567 0.004040
0.278974 0.010841 0.093497 0.500055 0.000010 0.116623
0.395898 0.010440 0.106483 0.471993 0.001102 0.014084
0.251789 0.012945 0.000010 0.688064 0.015982 0.031210
0.252881 0.011754 0.020388 0.530437 0.029342 0.155197
0.251376 0.001549 0.485340 0.228077 0.033648 0.000010
0.174887 0.022495 0.624618 0.157951 0.015108 0.004941
0.156890 0.013520 0.745529 0.058282 0.016346 0.009432
0.147953 0.015447 0.753696 0.055718 0.020069 0.007118
0.254122 0.000010 0.113072 0.483821 0.000010 0.148965
0.413414 0.016045 0.097167 0.436732 0.001701 0.034941
0.245214 0.025944 0.000010 0.691335 0.006532 0.030965
0.413495 0.000010 0.030442 0.494317 0.014217 0.047519
0.259274 0.000010 0.472624 0.258297 0.002713 0.007083
0.194322 0.014075 0.602594 0.157989 0.031010 0.000010
0.140267 0.014645 0.765317 0.036498 0.028850 0.014422
0.273208 0.000010 0.100434 0.441635 0.011213 0.173500
0.262444 0.020184 0.067816 0.488595 0.004441 0.156520
0.393893 0.000010 0.109736 0.445480 0.031849 0.019032
0.374259 0.009004 0.055193 0.463690 0.020131 0.077722
0.243362 0.003040 0.514961 0.223334 0.014863 0.000439
0.213318 0.005712 0.560741 0.194952 0.025267 0.000010
0.132075 0.017144 0.764262 0.068723 0.014383 0.003414
0.294578 0.003147 0.015433 0.500229 0.015814 0.170799
0.276346 0.005903 0.078680 0.480120 0.010821 0.148129
0.328640 0.006065 0.070491 0.490465 0.012672 0.091667
0.246788 0.021204 0.000010 0.657692 0.026141 0.048164
0.306202 0.014428 0.000010 0.601668 0.008170 0.069522
0.517985 0.013334 0.207321 0.189398 0.066585 0.005376
0.516480 0.017179 0.179661 0.201581 0.085089 0.000010
0.595393 0.006220 0.126090 0.260547 0.000010 0.011740
0.542791 0.002887 0.179672 0.201873 0.067775 0.005002
0.557991 0.011472 0.210311 0.181925 0.038291 0.000010
0.615576 0.001052 0.118477 0.250108 0.014776 0.000010
0.501077 0.000010 0.117102 0.369304 0.010973 0.001533
0.539072 0.016492 0.184943 0.206124 0.047214 0.006155
0.412129 0.027013 0.218683 0.143244 0.186902 0.012030
0.539704 0.018277 0.232135 0.157809 0.052066 0.000010
0.541057 0.006100 0.151495 0.200095 0.100012 0.001240
0.624690 0.000010 0.080361 0.282175 0.012755 0.000010
0.529006 0.016360 0.166454 0.218835 0.069335 0.000010
0.552951 0.023264 0.172229 0.203577 0.041495 0.006484
0.633242 0.006750 0.064465 0.268294 0.027239 0.000010
0.605308 0.025490 0.119232 0.234636 0.015324 0.000010
0.530174 0.000011 0.113990 0.346927 0.008888 0.000010
0.561453 0.036562 0.223798 0.163704 0.009304 0.005179
0.518624 0.018524 0.169242 0.212405 0.066604 0.014602
0.373924 0.046212 0.223286 0.106574 0.249471 0.000534
0.458793 0.023895 0.176887 0.156813 0.173837 0.009775
0.495177 0.025629 0.211966 0.189531 0.069469 0.008228
0.632017 0.000019 0.086756 0.271769 0.009430 0.000010
0.658032 0.002970 0.054730 0.277488 0.000911 0.005870
0.513873 0.016456 0.181527 0.193592 0.094542 0.000010
0.544774 0.016202 0.218857 0.182994 0.037163 0.000010
0.619825 0.006080 0.093969 0.258780 0.010370 0.010976
0.529144 0.000010 0.095701 0.367422 0.007713 0.000010
0.510127 0.000010 0.072275 0.399069 0.000180 0.018339
0.369792 0.034548 0.203105 0.126132 0.263838 0.002585
0.520767 0.008892 0.176859 0.205970 0.087502 0.000010
0.593777 0.009897 0.087127 0.295232 0.013958 0.000010
0.636178 0.000010 0.077040 0.286132 0.000010 0.000629
0.548238 0.009600 0.163230 0.199017 0.079905 0.000010
0.533903 0.018721 0.206324 0.200192 0.032401 0.008458
0.613263 0.000010 0.107656 0.257862 0.020591 0.000619
0.534318 0.012004 0.093373 0.356756 0.000010 0.003539
0.533054 0.008220 0.087239 0.350971 0.020507 0.000010
0.541226 0.024748 0.221799 0.174065 0.034333 0.003829
0.493211 0.022670 0.190868 0.217364 0.069608 0.006279
0.328180 0.029471 0.218548 0.110077 0.309636 0.004088
0.501168 0.034433 0.181664 0.211086 0.069818 0.001831
0.609705 0.007859 0.081135 0.268987 0.023490 0.008824
0.492439 0.007733 0.195619 0.202104 0.097332 0.004774
0.518796 0.019830 0.184381 0.190953 0.079675 0.006364
0.571841 0.013694 0.162387 0.207639 0.038593 0.005845
0.661618 0.017456 0.067043 0.252514 0.000010 0.001358
0.539805 0.012090 0.101060 0.339797 0.003309 0.003939
0.548601 0.031681 0.202579 0.193622 0.018099 0.005418
0.537474 0.008543 0.204796 0.195186 0.049488 0.004513
0.534641 0.003383 0.207870 0.194203 0.042303 0.017600
0.356685 0.042012 0.253352 0.135786 0.200790 0.011375
0.542436 0.028065 0.166125 0.183011 0.079609 0.000752
0.609636 0.001399 0.098686 0.283486 0.000010 0.006783
0.555844 0.019412 0.181709 0.184891 0.057375 0.000769
0.522939 0.005021 0.197640 0.179982 0.083312 0.011106
0.534233 0.017425 0.222368 0.168180 0.057784 0.000010
0.671894 0.002900 0.072319 0.238526 0.012834 0.001527
0.530551 0.000010 0.113400 0.340483 0.015545 0.000010
0.551247 0.007469 0.225699 0.160405 0.040706 0.014474
0.520885 0.022883 0.241342 0.177599 0.033960 0.003331
0.516027 0.025197 0.230657 0.173576 0.052132 0.002410
0.407713 0.023934 0.192092 0.168821 0.207431 0.000010
0.540732 0.028483 0.173006 0.197381 0.059307 0.001092
0.617197 0.000010 0.104884 0.268267 0.002966 0.006676
0.523427 0.014133 0.184570 0.199947 0.077912 0.000010
0.520889 0.016625 0.216996 0.201117 0.044363 0.000010
0.628838 0.020254 0.058046 0.283245 0.009607 0.000010
0.490446 0.004779 0.094326 0.404894 0.000010 0.005545
0.585279 0.018877 0.186996 0.176990 0.028438 0.003420
0.526763 0.010465 0.191248 0.250573 0.020941 0.000010
0.510742 0.014830 0.194953 0.208003 0.065569 0.005903
0.367139 0.033827 0.282414 0.116672 0.187509 0.012439
0.507407 0.022543 0.218726 0.188785 0.061520 0.001019
0.643027 0.009095 0.068052 0.276632 0.000010 0.003184
0.564146 0.019183 0.142442 0.211168 0.052201 0.010860
0.534908 0.032031 0.206433 0.188281 0.038336 0.000010
0.574215 0.017444 0.211655 0.188025 0.002694 0.005968
0.599383 0.004074 0.097876 0.262322 0.013168 0.023176
0.510699 0.012627 0.105442 0.371211 0.000010 0.000010
0.557291 0.018307 0.191975 0.194380 0.032122 0.005924
0.486003 0.025784 0.205365 0.201730 0.070091 0.011028
0.440208 0.024237 0.240457 0.208835 0.080242 0.006021
0.370729 0.026142 0.234073 0.138175 0.230871 0.000010
0.131646 0.097535 0.117324 0.002271 0.649643 0.001582
0.043618 0.130741 0.046988 0.000010 0.778632 0.000010
0.153124 0.014317 0.727952 0.069912 0.020393 0.014302
0.199009 0.018217 0.694574 0.066707 0.012895 0.008597
0.177796 0.029255 0.612657 0.155190 0.014903 0.010198
0.117948 0.031047 0.774279 0.043566 0.025443 0.007716
0.173123 0.025998 0.619877 0.078901 0.090996 0.011106
0.147985 0.105536 0.125424 0.000010 0.615516 0.005529
0.058077 0.104152 0.067338 0.000010 0.770413 0.000010
0.138328 0.012649 0.744021 0.080606 0.021384 0.003011
0.183820 0.022685 0.653726 0.115246 0.023150 0.001373
0.147972 0.000010 0.742647 0.047711 0.047325 0.014335
0.128187 0.036549 0.747651 0.022574 0.052768 0.012271
0.159093 0.017703 0.661504 0.074298 0.084591 0.002812
0.143102 0.105404 0.120633 0.000010 0.617279 0.013572
0.179542 0.022384 0.684012 0.067387 0.043238 0.003437
0.190269 0.020671 0.660509 0.094538 0.029416 0.004598
0.133660 0.020703 0.759382 0.039433 0.033794 0.013027
0.151372 0.008816 0.767291 0.020316 0.034054 0.018151
0.205695 0.021947 0.620776 0.048910 0.089909 0.012762
0.153185 0.018760 0.720182 0.060461 0.035285 0.012128
0.164422 0.019487 0.691945 0.088610 0.022173 0.013364
0.146114 0.041220 0.741554 0.041725 0.014415 0.014972
0.172397 0.034944 0.644800 0.059720 0.075255 0.012884
0.177205 0.034466 0.656319 0.055883 0.068086 0.008042
0.145869 0.103049 0.136497 0.000010 0.609177 0.005398
0.163051 0.019369 0.691561 0.091898 0.026292 0.007829
0.187341 0.012728 0.654904 0.100783 0.042002 0.002241
0.134160 0.018866 0.763927 0.055948 0.022826 0.004273
0.180726 0.018292 0.672709 0.035437 0.063548 0.029288
0.201983 0.035732 0.651511 0.050185 0.051283 0.009306
0.130980 0.099121 0.133790 0.000010 0.635814 0.000286
0.211693 0.019419 0.623953 0.121364 0.017166 0.006404
0.192259 0.010265 0.663376 0.081193 0.033705 0.019202
0.158434 0.014948 0.741411 0.056995 0.019668 0.008543
0.200212 0.030430 0.631328 0.051711 0.078328 0.007991
0.138820 0.098364 0.156511 0.000010 0.600876 0.005419
0.082196 0.121965 0.099689 0.000010 0.696129 0.000010
0.152059 0.028924 0.720114 0.076103 0.006058 0.016743
0.175961 0.011520 0.690444 0.089905 0.019240 0.012930
0.217822 0.017103 0.638263 0.099176 0.025201 0.002434
0.143346 0.010406 0.727425 0.071819 0.040212 0.006793
0.175528 0.018747 0.658405 0.038075 0.103248 0.005997
0.125411 0.097495 0.125988 0.000010 0.642859 0.008237
0.062691 0.115610 0.154383 0.000010 0.661590 0.005717
0.153437 0.012051 0.728733 0.081666 0.017752 0.006361
0.189942 0.021723 0.674840 0.075547 0.021772 0.016176
0.166828 0.022509 0.650608 0.127910 0.027114 0.005030
0.146519 0.012771 0.747080 0.045281 0.028935 0.019414
0.185491 0.037250 0.655453 0.048816 0.064980 0.008011
0.456639 0.039474 0.261031 0.095450 0.124857 0.022549
0.507717 0.038610 0.244053 0.063843 0.114851 0.030926
0.512176 0.043382 0.245650 0.079785 0.097323 0.021684
0.282755 0.052716 0.190082 0.102301 0.359577 0.012568
0.475491 0.039655 0.225725 0.069175 0.163873 0.026082
0.484931 0.028566 0.251561 0.090910 0.113158 0.030874
0.318450 0.047683 0.191180 0.107520 0.320964 0.014203
0.528262 0.035104 0.184368 0.099384 0.137691 0.015192
0.398177 0.035374 0.140406 0.200503 0.205768 0.019772
0.250457 0.018865 0.012821 0.683104 0.010230 0.024523
0.499742 0.033867 0.235348 0.046904 0.153847 0.030293
0.354240 0.040680 0.183428 0.148265 0.257928 0.015460
0.369663 0.007128 0.039470 0.446622 0.041137 0.095980
0.275819 0.051466 0.217332 0.053356 0.401059 0.000967
0.480456 0.048559 0.257094 0.074026 0.121555 0.018309
0.385526 0.038511 0.158613 0.140344 0.263218 0.013787
0.402414 0.039944 0.118100 0.153853 0.260770 0.024920
0.551009 0.019341 0.187171 0.185397 0.057072 0.000010
0.187420 0.010633 0.627888 0.163116 0.010933 0.000010
0.202587 0.000010 0.629792 0.147405 0.011072 0.009134
0.171507 0.014193 0.684430 0.106772 0.008658 0.014440
0.166492 0.021543 0.700819 0.103043 0.004972 0.003130
0.274515 0.007745 0.433713 0.284007 0.000010 0.000010
0.166904 0.000010 0.631424 0.168776 0.029598 0.003288
0.213116 0.024689 0.582207 0.158413 0.021565 0.000010
0.171272 0.023451 0.623582 0.173929 0.000788 0.006979
0.154437 0.010253 0.698760 0.135718 0.000010 0.000822
0.553575 0.005806 0.184036 0.207935 0.036411 0.012237
0.177678 0.024579 0.634186 0.136981 0.019988 0.006588
0.166708 0.021112 0.614026 0.182361 0.010774 0.005019
0.201240 0.016932 0.633042 0.127809 0.014674 0.006304
0.142039 0.016807 0.696907 0.121122 0.004439 0.018687
0.184883 0.022842 0.607382 0.160888 0.006446 0.017559
0.178821 0.005102 0.669148 0.122068 0.014789 0.010072
0.161577 0.023822 0.679507 0.129752 0.000010 0.005332
0.169956 0.012394 0.704055 0.092726 0.017887 0.002983
0.285606 0.011563 0.368584 0.317433 0.002192 0.014621
0.148604 0.006248 0.681613 0.135354 0.023266 0.004914
0.164693 0.026242 0.678400 0.125381 0.000010 0.005274
0.132203 0.008995 0.710765 0.126279 0.018661 0.003096
0.170337 0.008855 0.679939 0.125029 0.015189 0.000650
0.117246 0.000017 0.630949 0.251471 0.000010 0.000307
0.072534 0.000118 0.670773 0.256556 0.000010 0.000010
0.112311 0.000010 0.621639 0.266020 0.000010 0.000010
0.121636 0.035682 0.744703 0.004599 0.084596 0.008784
0.125203 0.028798 0.711873 0.080033 0.050477 0.003616
0.133632 0.014129 0.701062 0.059780 0.081082 0.010314
0.114928 0.018940 0.703203 0.055549 0.088254 0.019126
0.132220 0.029963 0.704962 0.040214 0.087732 0.004909
0.128019 0.032563 0.708006 0.046576 0.082756 0.002080
0.147936 0.034315 0.689972 0.024102 0.088567 0.015108
0.088302 0.007022 0.636709 0.255520 0.012438 0.000010
0.128303 0.006511 0.616967 0.245929 0.000010 0.002279
0.000010 0.000010 0.000010 0.059042 0.018056 0.922872
0.000010 0.000010 0.000010 0.059803 0.017911 0.922256
0.000010 0.000010 0.000010 0.052916 0.013763 0.933292
0.000010 0.000010 0.000010 0.057796 0.008957 0.933216
0.000010 0.000010 0.000010 0.066579 0.007349 0.926043
0.000010 0.000010 0.000010 0.067209 0.000010 0.932751
0.000979 0.005289 0.012207 0.043141 0.005673 0.932712
0.000010 0.004467 0.000010 0.057532 0.000494 0.937487
0.003398 0.000010 0.001730 0.075948 0.863138 0.055775
0.000010 0.000010 0.002620 0.072621 0.852286 0.072453
0.000010 0.000010 0.000010 0.087162 0.857291 0.055518
0.001834 0.000010 0.000010 0.086773 0.853659 0.057714
0.000010 0.000010 0.000010 0.075294 0.866809 0.057867
0.001253 0.000010 0.017423 0.061404 0.849254 0.070656
0.000010 0.000010 0.007656 0.074919 0.859745 0.057659
0.272083 0.003958 0.186324 0.478838 0.005108 0.053689
0.292520 0.005780 0.329530 0.337730 0.003695 0.030745
0.250776 0.000010 0.365007 0.360427 0.000010 0.023770
0.128994 0.010164 0.163583 0.500552 0.013660 0.183046
0.213112 0.013246 0.583264 0.185272 0.000010 0.005096
0.303945 0.000010 0.291436 0.362618 0.019254 0.022737
0.296857 0.021848 0.262876 0.397905 0.003992 0.016522
0.151883 0.028845 0.678546 0.134658 0.002979 0.003088
0.169474 0.023892 0.687124 0.108679 0.000010 0.010822
0.224229 0.008064 0.568157 0.198667 0.000873 0.000010
0.210500 0.008388 0.576504 0.195458 0.003662 0.005486
0.294642 0.010922 0.177224 0.476009 0.000010 0.041193
0.304786 0.004924 0.256586 0.397050 0.024937 0.011718
0.254819 0.000010 0.371556 0.348292 0.015631 0.009692
0.255185 0.016501 0.445762 0.281487 0.000274 0.000791
0.043379 0.020254 0.004903 0.485767 0.026720 0.418975
0.316012 0.000010 0.315639 0.333267 0.016841 0.018231
0.317054 0.000010 0.321202 0.357651 0.000010 0.004073
0.048384 0.000010 0.213930 0.509645 0.031467 0.196564
0.266671 0.007587 0.353317 0.360994 0.000836 0.010594
0.191125 0.002696 0.612001 0.175798 0.012832 0.005548
0.173402 0.022949 0.682357 0.111362 0.004576 0.005354
0.199514 0.018787 0.593369 0.188310 0.000010 0.000010
0.269505 0.002366 0.324832 0.374863 0.000010 0.028424
0.294769 0.005144 0.246554 0.425524 0.000010 0.027999
0.297292 0.000010 0.244740 0.430323 0.003806 0.023829
0.143539 0.014213 0.684458 0.139529 0.010124 0.008136
0.317567 0.009350 0.223385 0.429501 0.003962 0.016236
0.313632 0.016154 0.008547 0.632805 0.001233 0.027629
0.295693 0.000014 0.326505 0.354331 0.011175 0.012282
0.442436 0.014871 0.162421 0.318334 0.061927 0.000010
0.273247 0.000010 0.093449 0.490377 0.011381 0.131537
0.307691 0.005070 0.000010 0.637370 0.010174 0.039684
0.279362 0.001241 0.336647 0.366397 0.001157 0.015196
0.182462 0.015975 0.667962 0.107673 0.021535 0.004393
0.249598 0.005021 0.372673 0.362263 0.000010 0.010435
0.129596 0.010967 0.698891 0.136334 0.015329 0.008883
0.208046 0.013780 0.538550 0.225206 0.014408 0.000010
0.504454 0.017505 0.063731 0.393685 0.008975 0.011651
0.168388 0.025454 0.690326 0.112564 0.001939 0.001330
0.328020 0.000010 0.251185 0.402667 0.006367 0.011751
0.282243 0.011717 0.401246 0.304773 0.000010 0.000010
0.287977 0.007027 0.320104 0.367322 0.001980 0.015592
0.270957 0.012158 0.429253 0.281028 0.004485 0.002119
0.271549 0.011009 0.430185 0.283442 0.000991 0.002824
0.330299 0.000833 0.250330 0.400204 0.000010 0.018323
0.153107 0.023488 0.702072 0.102088 0.004543 0.014702
0.307173 0.000168 0.257204 0.422039 0.000010 0.013406
0.078890 0.022375 0.000010 0.471141 0.008080 0.419504
0.253752 0.005630 0.430257 0.298125 0.012225 0.000010
0.355098 0.016402 0.002601 0.588881 0.000010 0.037008
0.201740 0.021561 0.564033 0.206327 0.000010 0.006329
0.159583 0.013129 0.716768 0.106492 0.002998 0.001030
0.050270 0.009998 0.012563 0.481462 0.024573 0.421135
0.105051 0.019027 0.624649 0.249193 0.002070 0.000010
0.269365 0.002752 0.438167 0.288398 0.001307 0.000010
0.134207 0.096495 0.358207 0.000010 0.408094 0.002988
0.277725 0.000010 0.377043 0.317715 0.000010 0.027497
0.215428 0.005088 0.588897 0.174315 0.016262 0.000010
0.294654 0.003170 0.339286 0.347431 0.000010 0.015448
0.307001 0.006762 0.378170 0.306566 0.001491 0.000010
0.272006 0.004898 0.194947 0.481519 0.000010 0.046620
0.065540 0.021151 0.000010 0.466485 0.021899 0.424915
0.205323 0.006575 0.570485 0.210451 0.007156 0.000010
0.251156 0.006703 0.341146 0.359159 0.015900 0.025937
0.519068 0.022471 0.026760 0.115133 0.267849 0.048720
0.091220 0.005811 0.636793 0.254828 0.001576 0.009772
0.098318 0.001015 0.625885 0.267887 0.005313 0.001582
0.257840 0.011062 0.349624 0.351953 0.018766 0.010756
0.359910 0.016612 0.228214 0.248592 0.133897 0.012775
0.326583 0.013026 0.010513 0.605110 0.010251 0.034517
0.258319 0.002552 0.355479 0.373107 0.000010 0.010534
0.250096 0.010637 0.081021 0.514393 0.011547 0.132307
0.261836 0.002045 0.325296 0.374758 0.012699 0.023366
0.162215 0.027250 0.682228 0.097778 0.023988 0.006540
0.493978 0.003803 0.059512 0.436244 0.000010 0.006454
0.396855 0.000010 0.162384 0.439190 0.001551 0.000010
0.232351 0.000010 0.551991 0.199419 0.016218 0.000010
0.273843 0.001271 0.427128 0.274733 0.009997 0.013029
0.120780 0.000010 0.188206 0.447188 0.021751 0.222065
0.243815 0.020021 0.108658 0.509885 0.005987 0.111633
0.280841 0.007902 0.408894 0.286392 0.013111 0.002860
0.351598 0.019278 0.263980 0.286550 0.071355 0.007238
0.142358 0.015339 0.104787 0.543671 0.020526 0.173318
0.278615 0.002555 0.396493 0.322317 0.000010 0.000010
0.275769 0.013820 0.179623 0.489486 0.011767 0.029535
0.388509 0.022221 0.191963 0.267063 0.120014 0.010229
0.166451 0.018667 0.688653 0.108878 0.002119 0.015233
0.085658 0.000010 0.632707 0.267681 0.007527 0.006416
0.278818 0.005058 0.421273 0.285942 0.001170 0.007739
0.000010 0.006954 0.177471 0.561874 0.019275 0.234416
0.118062 0.006929 0.175629 0.494470 0.017925 0.186985
0.288035 0.005438 0.378450 0.296573 0.027714 0.003790
0.046690 0.013635 0.014368 0.482341 0.029857 0.413108
0.324247 0.001319 0.269399 0.360247 0.009646 0.035142
0.219743 0.004457 0.455891 0.309045 0.010854 0.000010
0.265022 0.013780 0.299124 0.388350 0.000010 0.033714
0.288464 0.004591 0.445384 0.251361 0.000010 0.010190
0.493263 0.005336 0.062770 0.409967 0.018211 0.010454
0.279845 0.016905 0.246694 0.414723 0.002684 0.039149
0.302911 0.022800 0.344934 0.239650 0.082065 0.007641
0.243670 0.010220 0.220019 0.473356 0.009841 0.042894
0.388057 0.000010 0.177167 0.421587 0.011456 0.001722
0.118794 0.000010 0.633615 0.222989 0.000010 0.024582
0.276681 0.008403 0.036034 0.527513 0.025142 0.126227
0.373870 0.000010 0.247289 0.369492 0.006518 0.002821
0.099841 0.008137 0.209166 0.500219 0.005964 0.176673
0.033426 0.008703 0.216757 0.516702 0.021861 0.202551
0.271259 0.009108 0.176397 0.508236 0.004035 0.030964
0.294831 0.008745 0.322677 0.352760 0.003278 0.017709
0.035442 0.000148 0.192068 0.539191 0.008316 0.224834
0.289443 0.000010 0.252432 0.428962 0.000010 0.029143
0.287010 0.000010 0.186777 0.473164 0.000010 0.053030
0.432778 0.024075 0.156523 0.310176 0.061681 0.014767
0.000010 0.000010 0.179124 0.560942 0.031069 0.228846
0.375117 0.006970 0.180460 0.432699 0.004743 0.000010
0.284926 0.003967 0.000010 0.650996 0.008991 0.051110
0.281032 0.005323 0.171818 0.491281 0.003848 0.046698
0.466379 0.015274 0.055138 0.435648 0.007984 0.019579
0.108785 0.009033 0.194355 0.458917 0.005639 0.223271
0.280966 0.000010 0.205409 0.463908 0.013749 0.035958
0.299407 0.006458 0.310974 0.360023 0.022035 0.001102
0.000010 0.004612 0.204059 0.543061 0.008769 0.239489
0.373130 0.020795 0.228434 0.265772 0.104658 0.007211
0.316570 0.000010 0.276867 0.380664 0.009495 0.016395
0.093214 0.002862 0.174828 0.490591 0.028532 0.209973
0.275984 0.000103 0.246517 0.437666 0.000010 0.039720
0.516988 0.006814 0.044103 0.414501 0.017583 0.000010
0.300451 0.005348 0.041731 0.502530 0.023473 0.126467
0.287101 0.003296 0.251406 0.412524 0.000010 0.045663
0.494045 0.018140 0.058154 0.422905 0.006745 0.000010
0.288723 0.001221 0.315276 0.355997 0.029532 0.009251
0.296492 0.001401 0.423911 0.265771 0.012415 0.000010
0.018317 0.012123 0.230780 0.498653 0.023689 0.216438
0.319153 0.013379 0.029356 0.590434 0.005020 0.042658
0.306831 0.005548 0.389078 0.293046 0.005486 0.000010
0.098948 0.001406 0.640017 0.239982 0.019638 0.000010
0.229575 0.001290 0.339753 0.387344 0.026019 0.016020
0.007660 0.000010 0.182429 0.561205 0.021491 0.227204
0.058971 0.011461 0.000010 0.454377 0.033816 0.441364
0.361262 0.000010 0.186723 0.444277 0.007549 0.000178
0.136370 0.120519 0.279588 0.000010 0.463503 0.000010
0.489653 0.003393 0.106753 0.345683 0.043791 0.010727
0.500587 0.014033 0.085102 0.396776 0.000531 0.002970
0.403250 0.010512 0.087498 0.491998 0.000269 0.006472
0.104744 0.014121 0.180709 0.533956 0.004602 0.161867
0.484255 0.019849 0.127445 0.313735 0.050385 0.004332
0.272759 0.000907 0.415848 0.310466 0.000010 0.000010
0.254519 0.016033 0.060798 0.501053 0.000010 0.167587
0.470313 0.000010 0.072782 0.433721 0.014687 0.008488
0.293438 0.009020 0.195260 0.481526 0.000010 0.020745
0.253240 0.000010 0.206816 0.506464 0.006525 0.026945
0.122807 0.000010 0.631705 0.231801 0.006823 0.006854
0.020098 0.021444 0.152920 0.575601 0.000010 0.229927
0.543957 0.000010 0.076575 0.379437 0.000010 0.000010
0.502199 0.006047 0.071335 0.406417 0.007538 0.006464
0.067789 0.005586 0.199135 0.509435 0.023636 0.194419
0.343784 0.025332 0.222790 0.285162 0.112948 0.009984
0.502219 0.000010 0.060950 0.425117 0.000010 0.011693
0.456793 0.016001 0.181885 0.279988 0.065323 0.000010
0.525776 0.000010 0.080013 0.394181 0.000010 0.000010
0.250298 0.006285 0.236618 0.469422 0.008355 0.029021
0.539670 0.026502 0.066137 0.345662 0.015674 0.006354
0.500305 0.017029 0.089292 0.387218 0.005401 0.000756
0.510148 0.023033 0.062504 0.404295 0.000010 0.000010
0.302991 0.006201 0.222314 0.431198 0.000010 0.037285
0.245929 0.002030 0.432110 0.319799 0.000122 0.000010
0.402539 0.010743 0.127008 0.279088 0.141576 0.039045
0.258061 0.008520 0.076107 0.524872 0.001141 0.131299
0.269364 0.003910 0.059153 0.508698 0.014588 0.144287
0.462129 0.004466 0.079487 0.431222 0.022686 0.000010
0.284152 0.004204 0.007485 0.645461 0.014485 0.044212
0.093460 0.109593 0.361549 0.000010 0.435378 0.000010
0.050699 0.008005 0.213650 0.496579 0.014411 0.216655
0.282443 0.000010 0.433396 0.269372 0.002019 0.012759
0.340365 0.012623 0.197805 0.442207 0.006990 0.000010
0.333003 0.006529 0.000010 0.606757 0.007826 0.045876
0.225499 0.014239 0.087399 0.521913 0.006219 0.144731
0.292357 0.000010 0.294346 0.383674 0.003077 0.026536
0.510249 0.012118 0.089155 0.383253 0.004670 0.000556
0.286297 0.008133 0.204714 0.459053 0.000010 0.041792
0.416119 0.014353 0.113696 0.452531 0.000355 0.002946
0.077238 0.015306 0.000010 0.482330 0.021662 0.403453
0.275616 0.009385 0.224123 0.453726 0.000010 0.037140
0.439221 0.029270 0.171313 0.279074 0.081112 0.000010
0.141699 0.007845 0.165377 0.462734 0.022525 0.199819
0.139574 0.000882 0.185754 0.492925 0.010792 0.170073
0.456715 0.000010 0.153741 0.322742 0.058853 0.007939
0.272739 0.010100 0.080930 0.499396 0.005346 0.131489
0.483560 0.016136 0.048975 0.436657 0.007797 0.006876
0.266958 0.001354 0.442772 0.277540 0.009917 0.001460
0.436471 0.001637 0.100405 0.436371 0.012503 0.012614
0.494411 0.014674 0.060998 0.415794 0.000010 0.014112
0.303869 0.000875 0.246036 0.420317 0.000010 0.028894
0.456935 0.022385 0.037571 0.293855 0.163437 0.025818
0.354894 0.017162 0.227417 0.262392 0.138125 0.000010
0.487226 0.005984 0.063839 0.414254 0.013711 0.014985
0.503145 0.007870 0.051425 0.423939 0.007943 0.005677
0.528608 0.016168 0.002198 0.144801 0.257738 0.050487
0.156459 0.113623 0.376343 0.000010 0.349710 0.003856
0.557098 0.017746 0.000010 0.107873 0.264707 0.052567
0.495102 0.016259 0.086195 0.381362 0.018600 0.002482
0.286244 0.000010 0.179706 0.480978 0.011819 0.041242
0.271653 0.002429 0.197367 0.475911 0.001445 0.051196
0.443287 0.017488 0.156253 0.323750 0.049302 0.009920
0.382778 0.021043 0.215177 0.253119 0.111760 0.016124
0.272992 0.015134 0.424287 0.212329 0.065787 0.009471
0.393652 0.022617 0.179873 0.278789 0.110326 0.014743
0.425918 0.014527 0.182182 0.313091 0.059628 0.004655
0.396312 0.026250 0.246167 0.263278 0.062423 0.005570
0.385500 0.025859 0.202054 0.252330 0.134247 0.000010
0.470856 0.016126 0.160975 0.259219 0.080210 0.012613
0.499107 0.000010 0.046311 0.426123 0.025758 0.002692
0.291577 0.010588 0.375417 0.271679 0.043750 0.006988
0.426260 0.005209 0.124381 0.425842 0.000010 0.018298
0.113028 0.122236 0.314166 0.000010 0.450550 0.000010
0.309426 0.007473 0.306295 0.344484 0.014348 0.017974
0.104675 0.110389 0.347724 0.000010 0.437192 0.000010
0.522887 0.028282 0.105882 0.318012 0.022538 0.002400
0.507958 0.009522 0.118323 0.360453 0.003734 0.000010
0.410414 0.027172 0.192611 0.273104 0.090952 0.005746
0.506533 0.008232 0.101947 0.318989 0.044593 0.019706
0.378172 0.020090 0.251195 0.218192 0.130358 0.001992
0.397040 0.021053 0.152028 0.277972 0.126460 0.025447
0.451596 0.013363 0.168218 0.275956 0.076943 0.013924
0.519761 0.008143 0.044688 0.409117 0.014053 0.004237
0.563297 0.014387 0.079068 0.343227 0.000010 0.000010
0.362867 0.025395 0.245496 0.274097 0.091622 0.000523
0.432950 0.021894 0.141109 0.333874 0.065467 0.004707
0.422501 0.011007 0.208062 0.277681 0.080739 0.000010
0.258103 0.002188 0.474903 0.244542 0.020253 0.000010
0.431927 0.011520 0.129858 0.342852 0.065494 0.018349
0.527946 0.000010 0.104108 0.367916 0.000010 0.000010
0.445189 0.024303 0.160716 0.296313 0.055728 0.017751
0.078548 0.122062 0.345315 0.000010 0.454055 0.000010
0.436934 0.011769 0.143849 0.315618 0.075978 0.015850
0.510562 0.000010 0.112101 0.376094 0.001223 0.000010
