0.012639 0.123001 0.260425 0.053276 0.548423 0.002236
0.014488 0.093676 0.285332 0.055075 0.551419 0.000010
0.018631 0.082901 0.313798 0.074834 0.509523 0.000313
0.010665 0.075812 0.306888 0.097715 0.499565 0.009354
0.013659 0.062918 0.323823 0.052351 0.542493 0.004756
0.000010 0.046376 0.330739 0.074291 0.535327 0.013257
0.007650 0.113683 0.321292 0.047671 0.498221 0.011483
0.019178 0.081882 0.293612 0.066337 0.538982 0.000010
0.004961 0.080578 0.291951 0.074533 0.527669 0.020308
0.040944 0.053162 0.735861 0.000010 0.164542 0.005481
0.029665 0.000010 0.805373 0.000010 0.164932 0.000010
0.045617 0.055556 0.746551 0.000010 0.152256 0.000010
0.029550 0.013034 0.804810 0.000010 0.152585 0.000010
0.031305 0.003824 0.819153 0.000010 0.142732 0.002977
0.031696 0.000010 0.841629 0.000010 0.126645 0.000010
0.015305 0.013728 0.798452 0.000010 0.152221 0.020284
0.034965 0.000010 0.815046 0.000010 0.149959 0.000010
0.174986 0.000010 0.000010 0.000010 0.000010 0.824974
0.175614 0.000010 0.000010 0.000010 0.000010 0.824346
0.165508 0.000010 0.000010 0.000010 0.000010 0.834452
0.171404 0.000010 0.000010 0.000010 0.000010 0.828556
0.150384 0.000010 0.000010 0.000010 0.000010 0.849576
0.174735 0.000019 0.000010 0.000010 0.000010 0.825217
0.155335 0.000010 0.000010 0.000010 0.000010 0.844625
0.004263 0.030844 0.466235 0.476122 0.014237 0.008299
0.008630 0.062000 0.481437 0.444838 0.000010 0.003086
0.007655 0.105820 0.417667 0.445575 0.002254 0.021028
0.014833 0.070332 0.466303 0.448511 0.000010 0.000010
0.008233 0.052207 0.460426 0.463708 0.000010 0.015416
0.022316 0.109895 0.398213 0.457373 0.006164 0.006039
0.015898 0.043649 0.474228 0.455149 0.004556 0.006521
0.000010 0.065822 0.459313 0.456011 0.000417 0.018427
0.014892 0.083928 0.423056 0.457311 0.011868 0.008945
0.017328 0.068866 0.412687 0.481284 0.011596 0.008238
0.009738 0.088598 0.393664 0.492216 0.012389 0.003395
0.026913 0.083896 0.402790 0.459991 0.018130 0.008279
0.024722 0.100231 0.394575 0.457037 0.023425 0.000010
0.001654 0.069061 0.476223 0.438502 0.000010 0.014549
0.008425 0.083544 0.418472 0.469339 0.002038 0.018182
0.031854 0.123281 0.377581 0.467264 0.000010 0.000010
0.028163 0.122070 0.412468 0.433630 0.003659 0.000010
0.011452 0.046696 0.457504 0.475104 0.000010 0.009234
0.019817 0.096019 0.424519 0.447185 0.008594 0.003866
0.021096 0.130294 0.370817 0.477773 0.000010 0.000010
0.000257 0.079635 0.459073 0.430954 0.012618 0.017463
0.000010 0.086906 0.408432 0.487988 0.005781 0.010884
0.017000 0.083912 0.396231 0.484240 0.006419 0.012196
0.004274 0.087974 0.460315 0.436548 0.010879 0.000010
0.010695 0.117750 0.382509 0.478030 0.010175 0.000841
0.017787 0.092652 0.403545 0.483232 0.002774 0.000010
0.015255 0.142675 0.390607 0.449224 0.000010 0.002229
0.000010 0.062392 0.467724 0.454922 0.004049 0.010904
0.008505 0.133081 0.384965 0.438783 0.013939 0.020727
0.021833 0.000010 0.176211 0.770954 0.018051 0.012942
0.070992 0.087937 0.323359 0.504169 0.000010 0.013533
0.131634 0.062123 0.277706 0.509600 0.018927 0.000010
0.080757 0.048526 0.289047 0.553516 0.024492 0.003663
0.024233 0.000010 0.168521 0.743954 0.026728 0.036554
0.058263 0.000010 0.202865 0.728553 0.001853 0.008455
0.065795 0.065558 0.320835 0.516649 0.024024 0.007139
0.078524 0.082083 0.312447 0.505772 0.017529 0.003646
0.082120 0.073162 0.328735 0.483313 0.032660 0.000010
0.051932 0.072812 0.287526 0.521645 0.024626 0.041460
0.014344 0.000010 0.146956 0.796401 0.024652 0.017638
0.020770 0.000010 0.164881 0.794044 0.009952 0.010342
0.139857 0.065894 0.261670 0.505329 0.013645 0.013604
0.127156 0.081923 0.272178 0.492180 0.019704 0.006858
0.105167 0.090568 0.327368 0.469382 0.007505 0.000010
0.041484 0.005715 0.191537 0.722253 0.026085 0.012925
0.081788 0.055406 0.328949 0.506884 0.016583 0.010390
0.112368 0.069804 0.262072 0.524198 0.008430 0.023127
0.054797 0.059418 0.257904 0.603042 0.016521 0.008318
0.134616 0.071135 0.263594 0.492354 0.019049 0.019252
0.025806 0.000010 0.206426 0.719508 0.020386 0.027863
0.078773 0.023288 0.341560 0.547768 0.008602 0.000010
0.029307 0.000010 0.154348 0.778802 0.032123 0.005410
0.073173 0.078263 0.301038 0.519918 0.021555 0.006053
0.097277 0.066393 0.307089 0.493837 0.025156 0.010247
0.149930 0.070847 0.240386 0.518516 0.011460 0.008861
0.089036 0.058770 0.295292 0.536428 0.020465 0.000010
0.023170 0.000010 0.184189 0.748788 0.026244 0.017598
0.024535 0.000010 0.153134 0.800229 0.018183 0.003909
0.023669 0.000010 0.220551 0.714781 0.027779 0.013210
0.026355 0.000010 0.198112 0.736747 0.021951 0.016825
0.017601 0.000010 0.199223 0.744070 0.021124 0.017972
0.046655 0.085886 0.363980 0.464680 0.020968 0.017830
0.000010 0.482838 0.087972 0.429160 0.000010 0.000010
0.000010 0.522840 0.059646 0.414704 0.000010 0.002789
0.000010 0.493376 0.060387 0.446206 0.000010 0.000010
0.000010 0.512522 0.046963 0.440485 0.000010 0.000010
0.000010 0.485750 0.070508 0.443712 0.000010 0.000010
0.000010 0.538987 0.036663 0.424320 0.000010 0.000010
0.000010 0.478508 0.073028 0.448435 0.000010 0.000010
0.005186 0.493890 0.072481 0.428422 0.000010 0.000010
0.000010 0.520516 0.060948 0.418506 0.000010 0.000010
0.004990 0.000010 0.177097 0.770307 0.023020 0.024576
0.000012 0.669620 0.159353 0.149159 0.021846 0.000010
0.009573 0.679336 0.155176 0.138754 0.014963 0.002199
0.000010 0.661053 0.164864 0.145409 0.021398 0.007266
0.004577 0.682410 0.137300 0.145267 0.030437 0.000010
0.000010 0.688857 0.147204 0.156538 0.006433 0.000957
0.000010 0.698811 0.157326 0.131049 0.009626 0.003179
0.004929 0.691028 0.149596 0.128302 0.025388 0.000757
0.000010 0.661959 0.152757 0.165566 0.009900 0.009808
0.962847 0.000010 0.000010 0.018515 0.000010 0.018608
0.973391 0.000960 0.000010 0.021498 0.001107 0.003034
0.974153 0.000010 0.000010 0.008662 0.007317 0.009848
0.971701 0.006625 0.000010 0.021644 0.000010 0.000010
0.962368 0.000010 0.000010 0.033389 0.001102 0.003121
0.971062 0.000010 0.000010 0.020012 0.008896 0.000010
0.968534 0.000010 0.000010 0.000879 0.000010 0.030557
0.974368 0.000010 0.000010 0.000010 0.000010 0.025592
0.999468 0.000010 0.000010 0.000010 0.000010 0.000492
0.998200 0.000010 0.000010 0.000010 0.000010 0.001760
0.999950 0.000010 0.000010 0.000010 0.000010 0.000010
0.992599 0.000010 0.000010 0.000010 0.005077 0.002293
0.985411 0.000017 0.000010 0.000010 0.000010 0.014542
0.999950 0.000010 0.000010 0.000010 0.000010 0.000010
0.999950 0.000010 0.000010 0.000010 0.000010 0.000010
0.996042 0.001379 0.000010 0.000010 0.000010 0.002550
0.995885 0.000010 0.000010 0.000010 0.000010 0.004075
0.206531 0.000010 0.000010 0.000010 0.000010 0.793429
0.217525 0.000010 0.000010 0.000010 0.000010 0.782435
0.000010 0.070335 0.000010 0.000010 0.929625 0.000010
0.000010 0.019757 0.000010 0.000010 0.980203 0.000010
0.000010 0.085788 0.000010 0.000010 0.914172 0.000010
0.000010 0.022316 0.000010 0.000010 0.977644 0.000010
0.000010 0.051643 0.000010 0.000010 0.948317 0.000010
0.000010 0.079256 0.000010 0.000010 0.920704 0.000010
0.000010 0.072492 0.000010 0.000010 0.927468 0.000010
0.000010 0.084074 0.000010 0.000010 0.915886 0.000010
0.000010 0.476725 0.082893 0.440353 0.000010 0.000010
0.000010 0.503651 0.071786 0.424533 0.000010 0.000010
0.000010 0.477586 0.091327 0.431057 0.000010 0.000010
0.000010 0.493171 0.050207 0.456593 0.000010 0.000010
0.000010 0.479328 0.103057 0.412602 0.000010 0.004993
0.000010 0.513364 0.066660 0.419947 0.000010 0.000010
0.000010 0.490587 0.105859 0.403524 0.000010 0.000010
0.000010 0.528359 0.047278 0.422698 0.000010 0.001645
0.167097 0.000010 0.000010 0.000010 0.000010 0.832863
0.000010 0.515224 0.194592 0.290154 0.000010 0.000010
0.000010 0.535642 0.180167 0.280586 0.003585 0.000010
0.000010 0.481880 0.203239 0.305976 0.001838 0.007058
0.002541 0.506112 0.192010 0.299316 0.000010 0.000010
0.012764 0.490821 0.205796 0.286020 0.000579 0.004020
0.000010 0.496973 0.206379 0.293770 0.002858 0.000010
0.000010 0.482331 0.212264 0.292205 0.007248 0.005942
0.000010 0.428565 0.230664 0.340741 0.000010 0.000010
0.009884 0.423888 0.259608 0.306600 0.000010 0.000010
0.009928 0.418474 0.274343 0.292617 0.004628 0.000010
0.000010 0.429440 0.241476 0.329055 0.000010 0.000010
0.004046 0.431518 0.256569 0.300883 0.006974 0.000010
0.000010 0.385470 0.256980 0.334310 0.017416 0.005815
0.000991 0.446973 0.238743 0.311942 0.001341 0.000010
0.001803 0.425491 0.248120 0.322359 0.000010 0.002219
0.000010 0.491226 0.214140 0.288800 0.002862 0.002962
0.000010 0.495722 0.198732 0.297384 0.007597 0.000556
0.000010 0.489623 0.195076 0.315036 0.000010 0.000245
0.000010 0.460198 0.214897 0.324875 0.000010 0.000010
0.000010 0.508422 0.186642 0.304906 0.000010 0.000010
0.952497 0.000010 0.000010 0.024225 0.000010 0.023248
0.960945 0.009822 0.000010 0.012059 0.000010 0.017154
0.975694 0.000010 0.000010 0.003330 0.007990 0.012966
0.951263 0.003390 0.000010 0.026625 0.000010 0.018702
0.969232 0.000010 0.000010 0.008174 0.010644 0.011930
0.951902 0.001785 0.001258 0.025095 0.000010 0.019950
0.000010 0.000010 0.000010 0.007933 0.990738 0.001300
0.000010 0.000010 0.000010 0.000010 0.999950 0.000010
0.000010 0.000010 0.000010 0.026214 0.973746 0.000010
0.000010 0.000010 0.000010 0.000010 0.999155 0.000805
0.000010 0.000010 0.000010 0.000010 0.999950 0.000010
0.000010 0.000010 0.000010 0.000010 0.999950 0.000010
0.003796 0.000010 0.000010 0.013520 0.982655 0.000010
0.000010 0.000010 0.000010 0.007743 0.992217 0.000010
0.000010 0.000010 0.000010 0.002609 0.997351 0.000010
0.000080 0.000010 0.000010 0.011266 0.988625 0.000010
0.003105 0.000010 0.000010 0.004467 0.992398 0.000010
0.000010 0.000010 0.000010 0.011241 0.988719 0.000010
0.000010 0.000010 0.000010 0.000010 0.993818 0.006142
0.001822 0.164974 0.561020 0.215222 0.049850 0.007113
0.021048 0.186844 0.532544 0.209475 0.050080 0.000010
0.000010 0.195918 0.548900 0.213607 0.041556 0.000010
0.011241 0.208145 0.514801 0.228778 0.036846 0.000189
0.000010 0.162236 0.506040 0.223429 0.093290 0.014995
0.455563 0.000010 0.000010 0.383449 0.060352 0.100615
0.444686 0.005044 0.003206 0.403800 0.047038 0.096226
0.444019 0.000010 0.017558 0.413992 0.040438 0.083982
0.452598 0.000010 0.008150 0.384249 0.040078 0.114915
0.832033 0.000010 0.000010 0.062561 0.011626 0.093760
0.817913 0.000010 0.000010 0.063026 0.027747 0.091294
0.834211 0.000010 0.000010 0.068345 0.006655 0.090768
0.829337 0.000010 0.000010 0.062251 0.025249 0.083143
0.827631 0.000012 0.000010 0.068155 0.021560 0.082632
0.828955 0.000010 0.000010 0.063488 0.031694 0.075843
0.080019 0.000010 0.454540 0.060306 0.405115 0.000010
0.062031 0.000010 0.461933 0.060995 0.398546 0.016485
0.066289 0.000010 0.458573 0.053275 0.409329 0.012524
0.082112 0.000010 0.459152 0.041644 0.412541 0.004541
0.984668 0.000010 0.000010 0.002900 0.000379 0.012034
0.990168 0.008563 0.001239 0.000010 0.000010 0.000010
0.979181 0.000010 0.000010 0.000010 0.000010 0.020779
0.987062 0.000010 0.000010 0.000010 0.000010 0.012898
0.984245 0.000010 0.000010 0.000010 0.000010 0.015715
0.993222 0.000010 0.000010 0.000010 0.000010 0.006738
0.997500 0.000010 0.000010 0.001550 0.000010 0.000920
0.999950 0.000010 0.000010 0.000010 0.000010 0.000010
0.993905 0.000010 0.000010 0.000010 0.005663 0.000402
0.999570 0.000010 0.000390 0.000010 0.000010 0.000010
0.978806 0.000010 0.000010 0.000010 0.000010 0.021154
0.989345 0.000010 0.001154 0.000010 0.000010 0.009471
0.991769 0.000010 0.001354 0.000010 0.000010 0.006846
0.989614 0.000010 0.000010 0.002373 0.000010 0.007983
0.989093 0.000010 0.000010 0.000010 0.000010 0.010867
0.999950 0.000010 0.000010 0.000010 0.000010 0.000010
0.989063 0.000010 0.004848 0.000010 0.000010 0.006059
0.999950 0.000010 0.000010 0.000010 0.000010 0.000010
0.999950 0.000010 0.000010 0.000010 0.000010 0.000010
0.999481 0.000010 0.000010 0.000010 0.000010 0.000479
0.992056 0.000010 0.000010 0.000010 0.000010 0.007904
0.988158 0.000010 0.000010 0.000010 0.001911 0.009901
0.997838 0.002122 0.000010 0.000010 0.000010 0.000010
0.986051 0.000010 0.000010 0.000010 0.000010 0.013909
0.976187 0.000010 0.001510 0.000010 0.000010 0.022273
0.998695 0.000010 0.000010 0.000010 0.000010 0.001265
0.988030 0.000010 0.000010 0.000010 0.000010 0.011930
0.999660 0.000010 0.000010 0.000010 0.000010 0.000300
0.999950 0.000010 0.000010 0.000010 0.000010 0.000010
0.991816 0.000010 0.000010 0.000010 0.000010 0.008144
0.990217 0.000010 0.000010 0.000010 0.000010 0.009743
0.989008 0.007585 0.000010 0.000010 0.000010 0.003377
0.996103 0.000010 0.000010 0.000010 0.000010 0.003857
0.998024 0.001936 0.000010 0.000010 0.000010 0.000010
0.965394 0.000010 0.000010 0.000010 0.000010 0.034566
0.985813 0.000010 0.000010 0.000010 0.000010 0.014147
0.985254 0.000010 0.000010 0.000010 0.000010 0.014706
0.991222 0.000010 0.000010 0.000010 0.000010 0.008738
0.999950 0.000010 0.000010 0.000010 0.000010 0.000010
0.000010 0.000010 0.000010 0.000010 0.000010 0.999950
0.000010 0.000010 0.000010 0.000010 0.000010 0.999950
0.000010 0.000010 0.000010 0.000010 0.000010 0.999950
0.000010 0.000010 0.000010 0.004785 0.000010 0.995175
0.000010 0.000010 0.000010 0.000010 0.000010 0.999950
0.000010 0.000010 0.000010 0.000010 0.000010 0.999950
0.000010 0.000010 0.000010 0.000010 0.000010 0.999950
0.000010 0.000010 0.000010 0.000010 0.000010 0.999950
0.507051 0.018453 0.000010 0.039831 0.003022 0.431632
0.499518 0.001528 0.000010 0.071778 0.000010 0.427156
0.448959 0.000020 0.000010 0.054570 0.007283 0.489158
0.615497 0.000010 0.000010 0.025923 0.000010 0.358550
0.508333 0.000010 0.017584 0.020785 0.000010 0.453279
0.452368 0.000010 0.000011 0.040716 0.000010 0.506886
0.431230 0.004200 0.000010 0.048307 0.006872 0.509381
0.434211 0.006358 0.000010 0.048759 0.000010 0.510651
0.421616 0.014682 0.002714 0.032660 0.000010 0.528318
0.006731 0.000010 0.216207 0.718737 0.021908 0.036408
0.201513 0.037639 0.277284 0.428186 0.050284 0.005094
0.001362 0.443171 0.286129 0.252715 0.005157 0.011467
0.005663 0.645910 0.164702 0.154384 0.029330 0.000010
0.010697 0.575774 0.221454 0.170474 0.021591 0.000010
0.005960 0.759036 0.155302 0.040959 0.038732 0.000010
0.117758 0.038363 0.206275 0.599482 0.023864 0.014258
0.048322 0.130397 0.380740 0.423153 0.017378 0.000010
0.049936 0.043707 0.305958 0.565098 0.035291 0.000010
0.293552 0.017144 0.211826 0.411905 0.034044 0.031528
0.000010 0.486447 0.267423 0.234266 0.010007 0.001847
0.000010 0.611684 0.164397 0.192468 0.031431 0.000010
0.007052 0.613415 0.169062 0.185073 0.025387 0.000010
0.013344 0.756522 0.150612 0.055003 0.024509 0.000010
0.031767 0.139525 0.389374 0.379238 0.051433 0.008663
0.026129 0.110036 0.377257 0.452158 0.022536 0.011883
0.000010 0.433471 0.266632 0.280448 0.011568 0.007870
0.011087 0.595201 0.201509 0.158803 0.033389 0.000010
0.013408 0.732212 0.156052 0.061859 0.036460 0.000010
0.008505 0.743236 0.152874 0.074148 0.021227 0.000010
0.090190 0.096690 0.261255 0.513677 0.003722 0.034465
0.000010 0.112679 0.372229 0.488915 0.003787 0.022380
0.025206 0.000010 0.229911 0.707674 0.023797 0.013402
0.132011 0.025800 0.230921 0.542511 0.036040 0.032717
0.003527 0.477782 0.250345 0.238550 0.029204 0.000592
0.000010 0.615503 0.180714 0.163895 0.028991 0.010888
0.010510 0.730716 0.173011 0.061359 0.022306 0.002098
0.006647 0.738669 0.165088 0.058949 0.027653 0.002994
0.133693 0.114025 0.234496 0.494384 0.000010 0.023392
0.036466 0.105229 0.395479 0.446670 0.011527 0.004630
0.013553 0.000010 0.221395 0.712663 0.028238 0.024142
0.030430 0.033028 0.396315 0.510118 0.006354 0.023755
0.001556 0.465194 0.256444 0.268260 0.000010 0.008535
0.001306 0.590697 0.203148 0.165972 0.038867 0.000010
0.018672 0.751019 0.158898 0.035887 0.035514 0.000010
0.171459 0.099709 0.263343 0.448056 0.004850 0.012584
0.160312 0.074384 0.247659 0.493636 0.017742 0.006268
0.000010 0.109233 0.379027 0.463356 0.021062 0.027312
0.068783 0.057083 0.359271 0.476197 0.022583 0.016083
0.002788 0.505101 0.246365 0.232005 0.012579 0.001162
0.002403 0.547275 0.222674 0.203085 0.024553 0.000010
0.007644 0.746848 0.153785 0.068309 0.023405 0.000010
0.160243 0.017639 0.276310 0.511304 0.013880 0.020625
0.142466 0.081920 0.259160 0.489333 0.011856 0.015265
0.092927 0.075157 0.309513 0.501613 0.013730 0.007060
0.035912 0.000010 0.224184 0.677732 0.042466 0.019697
0.066846 0.000010 0.286075 0.618379 0.018123 0.010567
0.002570 0.206735 0.514488 0.199018 0.070841 0.006348
0.003480 0.181116 0.511951 0.210542 0.092901 0.000010
0.016261 0.134252 0.580517 0.268951 0.000010 0.000010
0.000010 0.178441 0.538875 0.211749 0.061078 0.009848
0.002361 0.213845 0.553378 0.188728 0.041677 0.000010
0.000010 0.122555 0.604978 0.262206 0.007980 0.002272
0.008217 0.118726 0.488465 0.382415 0.002167 0.000010
0.003608 0.189085 0.531462 0.215190 0.054518 0.006137
0.017554 0.210213 0.416464 0.152048 0.203710 0.000010
0.000010 0.233193 0.536484 0.165567 0.060331 0.004414
0.000010 0.146650 0.538957 0.211366 0.095424 0.007594
0.000010 0.086295 0.613730 0.293736 0.000010 0.006219
0.000010 0.168344 0.520369 0.228003 0.074064 0.009210
0.003450 0.176154 0.547528 0.211925 0.054938 0.006005
0.000010 0.069629 0.622023 0.282016 0.026312 0.000010
0.000010 0.128176 0.594860 0.243386 0.033558 0.000010
0.000010 0.119761 0.514283 0.361216 0.002529 0.002201
0.007846 0.229149 0.560354 0.167158 0.035483 0.000010
0.007593 0.169381 0.515158 0.221598 0.075605 0.010665
0.005761 0.218206 0.375539 0.116248 0.284237 0.000010
0.001297 0.173182 0.457994 0.168245 0.186579 0.012702
0.000977 0.213156 0.490152 0.199285 0.086231 0.010199
0.001561 0.090900 0.624471 0.283048 0.000010 0.000010
0.003460 0.061941 0.643033 0.287769 0.000010 0.003787
0.000010 0.182258 0.506461 0.203353 0.100089 0.007828
0.000014 0.221167 0.543544 0.189884 0.045381 0.000010
0.002972 0.098577 0.609259 0.270439 0.007430 0.011323
0.001785 0.102253 0.515680 0.380158 0.000115 0.000010
0.003751 0.075293 0.491279 0.412758 0.000010 0.016907
0.004215 0.192323 0.373993 0.139139 0.286758 0.003573
0.000010 0.176062 0.516228 0.218482 0.089209 0.000010
0.000010 0.093310 0.581981 0.307961 0.016728 0.000010
0.000010 0.081924 0.614339 0.295956 0.000010 0.007761
0.000010 0.159938 0.545591 0.212161 0.082285 0.000015
0.000010 0.210841 0.527798 0.207694 0.041063 0.012595
0.000010 0.110443 0.602131 0.269316 0.012480 0.005620
0.001299 0.102003 0.517263 0.369289 0.003002 0.007144
0.000751 0.094796 0.518224 0.363128 0.021384 0.001718
0.005578 0.224577 0.538937 0.180024 0.049508 0.001376
0.000010 0.190186 0.487857 0.227278 0.081933 0.012736
0.010338 0.204332 0.334405 0.123721 0.327194 0.000010
0.000010 0.186700 0.493153 0.218876 0.093055 0.008207
0.006708 0.088505 0.596189 0.280073 0.022739 0.005787
0.000010 0.190213 0.489894 0.214547 0.095642 0.009695
0.002880 0.185655 0.515576 0.199299 0.089836 0.006754
0.000010 0.163262 0.568108 0.216301 0.043446 0.008873
0.000010 0.077935 0.645522 0.259801 0.007544 0.009188
0.000010 0.105066 0.527517 0.351706 0.005665 0.010037
0.008292 0.210281 0.541243 0.199360 0.040814 0.000010
0.005646 0.205662 0.533363 0.203804 0.049192 0.002334
0.003625 0.204517 0.533921 0.204140 0.036530 0.017268
0.016271 0.247552 0.359509 0.145072 0.231586 0.000010
0.004651 0.167498 0.541471 0.189482 0.096889 0.000010
0.000010 0.104212 0.592217 0.294306 0.000010 0.009245
0.003743 0.185605 0.549684 0.193038 0.067403 0.000527
0.000010 0.194328 0.517789 0.192000 0.078905 0.016968
0.000010 0.222948 0.532499 0.177663 0.066791 0.000089
0.001641 0.077655 0.661018 0.248856 0.007533 0.003296
0.000010 0.117521 0.516513 0.353481 0.005868 0.006606
0.018287 0.223961 0.551767 0.167016 0.038959 0.000010
0.006501 0.241250 0.522084 0.183144 0.047010 0.000010
0.004684 0.233040 0.514818 0.178829 0.067456 0.001173
0.000010 0.182047 0.410677 0.181956 0.221132 0.004178
0.004925 0.176096 0.536709 0.204990 0.077270 0.000010
0.000010 0.110652 0.601751 0.277499 0.000010 0.010079
0.000010 0.183846 0.521450 0.210391 0.084293 0.000010
0.000010 0.218541 0.517510 0.209176 0.052364 0.002399
0.002556 0.068671 0.614575 0.292586 0.021161 0.000452
0.000010 0.101301 0.469500 0.418483 0.000010 0.010696
0.005038 0.189039 0.582420 0.184137 0.038109 0.001257
0.000010 0.194289 0.518400 0.261827 0.023793 0.001681
0.009471 0.193267 0.508550 0.217221 0.071480 0.000010
0.010821 0.275481 0.372922 0.124585 0.210081 0.006110
0.000010 0.220067 0.503877 0.197116 0.074127 0.004802
0.007992 0.078337 0.629982 0.283670 0.000010 0.000010
0.010166 0.147476 0.556388 0.219370 0.062157 0.004443
0.000010 0.211166 0.528186 0.195878 0.059596 0.005164
0.009315 0.213830 0.573293 0.192793 0.010758 0.000010
0.016403 0.104831 0.587391 0.271734 0.008972 0.010669
0.000010 0.115634 0.491856 0.387460 0.000010 0.005030
0.000010 0.194140 0.551860 0.203093 0.040997 0.009900
0.006278 0.204851 0.484270 0.210405 0.086048 0.008148
0.000969 0.239856 0.438393 0.217163 0.094886 0.008733
0.000010 0.224693 0.373771 0.151423 0.246824 0.003279
0.009881 0.097574 0.145842 0.016179 0.730514 0.000010
0.000010 0.033997 0.069591 0.000010 0.893077 0.003314
0.012444 0.713523 0.169567 0.072780 0.026919 0.004767
0.010278 0.687099 0.210180 0.068137 0.022978 0.001327
0.008522 0.604039 0.184161 0.161488 0.037105 0.004685
0.004364 0.760222 0.133698 0.046847 0.049281 0.005588
0.016317 0.606728 0.188499 0.080996 0.107450 0.000010
0.015086 0.113217 0.167581 0.000010 0.704096 0.000010
0.004049 0.054662 0.080974 0.000010 0.860294 0.000010
0.006307 0.729300 0.154952 0.083419 0.026012 0.000010
0.002758 0.644386 0.193855 0.119381 0.038024 0.001596
0.015395 0.724303 0.167583 0.050551 0.038989 0.003178
0.016090 0.735497 0.146622 0.021974 0.079807 0.000010
0.008282 0.645601 0.175659 0.077254 0.093194 0.000010
0.023063 0.109520 0.160873 0.000010 0.706524 0.000010
0.000010 0.671955 0.190704 0.071313 0.055830 0.010188
0.000010 0.650974 0.197757 0.097171 0.038870 0.015218
0.014474 0.745041 0.149944 0.042201 0.046861 0.001480
0.021286 0.749707 0.171004 0.021786 0.036207 0.000010
0.008535 0.606200 0.221720 0.053225 0.102929 0.007391
0.014996 0.705279 0.170732 0.062863 0.046120 0.000010
0.017335 0.680407 0.175913 0.091881 0.034455 0.000010
0.018418 0.730430 0.163692 0.040869 0.046580 0.000010
0.007297 0.631692 0.187771 0.063613 0.101501 0.008125
0.009319 0.648569 0.188993 0.057716 0.093726 0.001677
0.012678 0.116415 0.161835 0.012928 0.696134 0.000010
0.006856 0.680495 0.175360 0.094875 0.038194 0.004221
0.006024 0.643425 0.198001 0.105382 0.047159 0.000010
0.002062 0.750830 0.148267 0.059666 0.034564 0.004611
0.013379 0.657693 0.195836 0.040354 0.074122 0.018616
0.011952 0.642394 0.213292 0.053560 0.078792 0.000010
0.010441 0.119807 0.151171 0.000010 0.718562 0.000010
0.009730 0.615226 0.219992 0.126255 0.028787 0.000010
0.006647 0.647523 0.207161 0.086786 0.036439 0.015443
0.011769 0.727323 0.175012 0.058699 0.027187 0.000010
0.009679 0.618909 0.214744 0.055308 0.100270 0.001090
0.007246 0.146004 0.156123 0.000010 0.683913 0.006703
0.007277 0.085201 0.105787 0.000010 0.801715 0.000010
0.020329 0.710554 0.165353 0.076496 0.027258 0.000010
0.001779 0.675141 0.188327 0.096601 0.024424 0.013729
0.000978 0.627363 0.229830 0.103416 0.034214 0.004200
0.008299 0.707766 0.164854 0.075145 0.042664 0.001273
0.011051 0.644233 0.191189 0.041042 0.112476 0.000010
0.018258 0.110322 0.146751 0.000010 0.724650 0.000010
0.003746 0.139412 0.084457 0.000010 0.761538 0.010837
0.000010 0.715653 0.165425 0.086492 0.021788 0.010633
0.008572 0.664143 0.201149 0.080023 0.036297 0.009816
0.000010 0.641477 0.175597 0.133823 0.041148 0.007945
0.019446 0.730472 0.166042 0.047354 0.033762 0.002924
0.000010 0.646600 0.198593 0.051570 0.092656 0.010570
0.012928 0.260072 0.460575 0.100493 0.153116 0.012816
0.014353 0.240772 0.511989 0.071211 0.142689 0.018986
0.026187 0.244727 0.521073 0.080470 0.127534 0.000010
0.021252 0.175578 0.294582 0.110805 0.397772 0.000010
0.021065 0.222050 0.482476 0.074134 0.191519 0.008756
0.026356 0.247265 0.491557 0.095637 0.130685 0.008500
0.010999 0.179572 0.325098 0.119231 0.356592 0.008509
0.019267 0.182796 0.534115 0.103796 0.160016 0.000010
0.026463 0.139159 0.395069 0.209830 0.229470 0.000010
0.013135 0.015092 0.227612 0.701615 0.024047 0.018499
0.032683 0.232124 0.507498 0.050903 0.175316 0.001475
0.012909 0.174964 0.357140 0.160110 0.287106 0.007771
0.084198 0.038415 0.358219 0.458506 0.041292 0.019368
0.000010 0.202923 0.283517 0.066432 0.439780 0.007338
0.022475 0.256526 0.486479 0.076619 0.157892 0.000010
0.016743 0.151723 0.387229 0.151633 0.290325 0.002347
0.009984 0.112113 0.400451 0.168022 0.289764 0.019665
0.000010 0.189970 0.548040 0.194014 0.067956 0.000010
0.000010 0.615124 0.195956 0.171685 0.015995 0.001231
0.001169 0.617498 0.211092 0.155827 0.002840 0.011575
0.018128 0.670012 0.184505 0.111015 0.016330 0.000010
0.007349 0.689986 0.178299 0.105792 0.018565 0.000010
0.000010 0.429964 0.268932 0.297425 0.003659 0.000010
0.001246 0.615874 0.176185 0.177427 0.023061 0.006208
0.000010 0.574895 0.218071 0.165501 0.038777 0.002747
0.011036 0.616270 0.175591 0.179271 0.017823 0.000010
0.004182 0.685333 0.167248 0.140161 0.003066 0.000010
0.000010 0.185124 0.547551 0.216541 0.031932 0.018842
0.000010 0.625577 0.183518 0.141873 0.035218 0.013803
0.003730 0.605868 0.172653 0.188357 0.024823 0.004569
0.000010 0.621954 0.211878 0.133273 0.023641 0.009244
0.015250 0.680417 0.155732 0.127749 0.014655 0.006198
0.003315 0.599556 0.189788 0.167479 0.022800 0.017061
0.013672 0.654138 0.191923 0.127170 0.013088 0.000010
0.001997 0.669587 0.174377 0.134515 0.012787 0.006736
0.006253 0.686621 0.184500 0.099182 0.023435 0.000010
0.016562 0.366806 0.277193 0.328538 0.008872 0.002030
0.009121 0.663605 0.160758 0.143609 0.022898 0.000010
0.006619 0.667664 0.175195 0.133333 0.014749 0.002441
0.003366 0.692775 0.146694 0.133241 0.021017 0.002907
0.000305 0.663134 0.183725 0.132117 0.017452 0.003268
0.002797 0.615129 0.120843 0.261212 0.000010 0.000010
0.000010 0.653757 0.077399 0.268814 0.000010 0.000010
0.000010 0.604728 0.113312 0.278995 0.000010 0.002944
0.011479 0.727014 0.144385 0.005932 0.111181 0.000010
0.006428 0.695077 0.144786 0.083233 0.070465 0.000010
0.003270 0.680807 0.151722 0.066204 0.088066 0.009931
0.004565 0.687429 0.129258 0.061380 0.099685 0.017683
0.008673 0.690432 0.149750 0.042759 0.108375 0.000010
0.000010 0.696040 0.141355 0.049839 0.106539 0.006217
0.018507 0.675982 0.167821 0.024015 0.113664 0.000010
0.000010 0.619643 0.095281 0.268961 0.016095 0.000010
0.000222 0.606089 0.132257 0.255837 0.000293 0.005303
0.847359 0.000010 0.000010 0.036767 0.016967 0.098887
0.841869 0.001844 0.002220 0.035808 0.014419 0.103840
0.869280 0.000010 0.000010 0.030569 0.012822 0.087308
0.860408 0.000010 0.000010 0.034882 0.008194 0.096496
0.872754 0.000010 0.007694 0.037759 0.003374 0.078409
0.860147 0.001107 0.000010 0.043542 0.000010 0.095184
0.862432 0.014105 0.007398 0.014843 0.007715 0.093508
0.867098 0.000010 0.000010 0.035493 0.003355 0.094034
0.045559 0.000010 0.010719 0.092523 0.819826 0.031363
0.046489 0.000010 0.000010 0.095622 0.810565 0.047304
0.037013 0.000010 0.004161 0.111741 0.807295 0.039779
0.039271 0.000010 0.011710 0.103325 0.805657 0.040027
0.046475 0.000010 0.000722 0.095319 0.823067 0.034407
0.051560 0.000010 0.014336 0.087004 0.807256 0.039834
0.038574 0.000010 0.004057 0.100076 0.817982 0.039301
0.050217 0.185901 0.258155 0.492785 0.002597 0.010345
0.032768 0.325170 0.286597 0.349182 0.003379 0.002904
0.009771 0.359077 0.239177 0.374782 0.000010 0.017183
0.182470 0.161222 0.119053 0.506436 0.018920 0.011899
0.000332 0.578775 0.216500 0.194442 0.000132 0.009819
0.023685 0.286913 0.297381 0.375741 0.011296 0.004984
0.022550 0.263852 0.286749 0.408643 0.018197 0.000010
0.006995 0.665065 0.166378 0.138251 0.023301 0.000010
0.000617 0.674814 0.181380 0.115629 0.015210 0.012351
0.000010 0.559659 0.228242 0.205944 0.000979 0.005166
0.006902 0.563932 0.218526 0.202843 0.005450 0.002347
0.032506 0.179469 0.279129 0.489453 0.005007 0.014436
0.017782 0.257683 0.288790 0.410630 0.025105 0.000010
0.009376 0.365575 0.250135 0.361476 0.006616 0.006823
0.000010 0.440421 0.251117 0.292974 0.009967 0.005510
0.378578 0.006042 0.031157 0.484966 0.042664 0.056593
0.011010 0.310375 0.309376 0.347216 0.009963 0.012060
0.004853 0.317163 0.304074 0.371730 0.000010 0.002171
0.210763 0.206433 0.041967 0.514543 0.026284 0.000010
0.000010 0.349915 0.256581 0.375482 0.002076 0.015936
0.003323 0.599641 0.197336 0.184067 0.009582 0.006052
0.005684 0.669473 0.185407 0.117551 0.020053 0.001832
0.000010 0.586328 0.204574 0.194993 0.008208 0.005887
0.035068 0.320514 0.261757 0.382640 0.000010 0.000010
0.008210 0.246248 0.279618 0.441209 0.000010 0.024705
0.022258 0.241331 0.285026 0.444699 0.000010 0.006676
0.007362 0.667967 0.156193 0.146763 0.018160 0.003555
0.021954 0.224008 0.304968 0.442373 0.006687 0.000010
0.018071 0.013555 0.288779 0.651804 0.011273 0.016518
0.017879 0.318953 0.290918 0.366697 0.005543 0.000010
0.000010 0.162752 0.433548 0.331257 0.069192 0.003242
0.142967 0.094278 0.262281 0.497811 0.002652 0.000010
0.036776 0.000010 0.287145 0.656221 0.009445 0.010403
0.008856 0.332787 0.268966 0.379421 0.000010 0.009961
0.006442 0.652467 0.197310 0.112934 0.030460 0.000388
0.008078 0.369042 0.240202 0.375634 0.000010 0.007034
0.000010 0.682121 0.139601 0.145088 0.020324 0.012856
0.000010 0.528663 0.212719 0.235449 0.023149 0.000010
0.013607 0.070170 0.489240 0.405707 0.017922 0.003353
0.000010 0.677231 0.179448 0.117763 0.019839 0.005709
0.016355 0.248517 0.317806 0.416285 0.000010 0.001027
0.000075 0.399858 0.277122 0.316860 0.003732 0.002352
0.019796 0.319945 0.277314 0.378798 0.002911 0.001236
0.005330 0.426750 0.266754 0.289922 0.010294 0.000950
0.000819 0.424919 0.269675 0.293473 0.005179 0.005936
0.022550 0.246576 0.317439 0.413415 0.000010 0.000010
0.016487 0.691429 0.164282 0.106097 0.020652 0.001053
0.018677 0.253702 0.293610 0.433991 0.000010 0.000010
0.357559 0.000010 0.064160 0.473856 0.027837 0.076578
0.002918 0.425090 0.250779 0.309245 0.011958 0.000010
0.017170 0.010286 0.330864 0.608275 0.007078 0.026328
0.010227 0.557230 0.206516 0.212535 0.013483 0.000010
0.000010 0.701024 0.172253 0.111786 0.008245 0.006682
0.378138 0.011609 0.038744 0.481684 0.030598 0.059226
0.000382 0.615483 0.106783 0.259380 0.016594 0.001378
0.000010 0.432010 0.266740 0.301192 0.000010 0.000038
0.008673 0.346003 0.153478 0.000010 0.491827 0.000010
0.031246 0.371824 0.269082 0.327828 0.000010 0.000010
0.000583 0.575262 0.224007 0.182802 0.014645 0.002701
0.020501 0.335649 0.286577 0.357252 0.000010 0.000010
0.000010 0.374346 0.299613 0.321614 0.004407 0.000010
0.033020 0.193809 0.257245 0.496347 0.000010 0.019569
0.386341 0.000010 0.055876 0.464532 0.038619 0.054622
0.000010 0.562259 0.207616 0.220111 0.007834 0.002170
0.031747 0.340325 0.240822 0.370586 0.016510 0.000010
0.049174 0.019061 0.525135 0.124234 0.276095 0.006300
0.000010 0.625413 0.091057 0.266525 0.000255 0.016740
0.000010 0.614596 0.098330 0.280121 0.000459 0.006485
0.015693 0.347257 0.248230 0.364735 0.024074 0.000010
0.019730 0.220356 0.359084 0.259585 0.141235 0.000010
0.043195 0.015044 0.304395 0.620303 0.017054 0.000010
0.012656 0.352275 0.246650 0.386124 0.000010 0.002285
0.136355 0.081245 0.238902 0.522065 0.015291 0.006141
0.024348 0.320279 0.253694 0.387294 0.009984 0.004400
0.000010 0.670674 0.170308 0.103999 0.043229 0.011780
0.010819 0.062618 0.476259 0.450284 0.000010 0.000010
0.000012 0.161946 0.381779 0.456243 0.000010 0.000010
0.000010 0.539335 0.237825 0.211910 0.010910 0.000010
0.000010 0.420852 0.269506 0.286625 0.003191 0.019816
0.227393 0.184197 0.115001 0.450739 0.014407 0.008264
0.107862 0.112340 0.226995 0.520501 0.020009 0.012293
0.000010 0.405313 0.275664 0.297316 0.012439 0.009258
0.008088 0.260674 0.346617 0.298795 0.082317 0.003508
0.166364 0.106082 0.127842 0.551214 0.030357 0.018141
0.000010 0.389843 0.275852 0.334275 0.000010 0.000010
0.026194 0.183738 0.257280 0.503936 0.019383 0.009470
0.005491 0.190568 0.381168 0.280096 0.133382 0.009295
0.018284 0.674026 0.180644 0.113091 0.013945 0.000010
0.002854 0.617775 0.088236 0.280716 0.002508 0.007912
0.000010 0.417564 0.274674 0.296365 0.000010 0.011377
0.248803 0.169972 0.000010 0.560493 0.020713 0.000010
0.199272 0.173225 0.110340 0.498060 0.019093 0.000010
0.003140 0.373202 0.284933 0.308337 0.026724 0.003664
0.364757 0.014241 0.035264 0.482092 0.039412 0.064234
0.032676 0.267796 0.315328 0.371395 0.004719 0.008085
0.000010 0.449437 0.214483 0.323056 0.013004 0.000010
0.040269 0.302389 0.251714 0.398304 0.007314 0.000010
0.005366 0.442704 0.283283 0.260946 0.000010 0.007692
0.000010 0.068862 0.474405 0.424312 0.015097 0.017314
0.043902 0.248056 0.267769 0.425344 0.013421 0.001508
0.008756 0.339671 0.301053 0.250406 0.096775 0.003339
0.021278 0.218917 0.229135 0.488649 0.014709 0.027312
0.007397 0.179404 0.372790 0.436330 0.004070 0.000010
0.014509 0.616786 0.123056 0.232979 0.000010 0.012660
0.131788 0.037169 0.262351 0.537396 0.026946 0.004350
0.000010 0.244017 0.361283 0.383097 0.000010 0.011583
0.189709 0.205224 0.092069 0.504130 0.008858 0.000010
0.216878 0.211717 0.028338 0.517961 0.025097 0.000010
0.034610 0.179961 0.251990 0.522417 0.007825 0.003198
0.015961 0.321793 0.285104 0.364672 0.005879 0.006591
0.241766 0.187216 0.029052 0.539016 0.002940 0.000010
0.034584 0.249225 0.276268 0.439903 0.000010 0.000010
0.038069 0.187105 0.266917 0.487959 0.000010 0.019941
0.014419 0.158688 0.421470 0.322470 0.077983 0.004970
0.245975 0.169733 0.000010 0.562127 0.022145 0.000010
0.000010 0.182017 0.359657 0.449980 0.007599 0.000738
0.050633 0.000010 0.262311 0.670408 0.007997 0.008641
0.026366 0.171392 0.265006 0.508666 0.002428 0.026143
0.021412 0.064100 0.445747 0.448545 0.016706 0.003489
0.234250 0.192411 0.099893 0.461412 0.010574 0.001461
0.038023 0.202548 0.267255 0.479566 0.007735 0.004873
0.003746 0.309119 0.289175 0.373771 0.022330 0.001858
0.253291 0.194634 0.000010 0.542801 0.008974 0.000290
0.007512 0.227760 0.365842 0.277475 0.116864 0.004548
0.022712 0.273219 0.308350 0.394122 0.001588 0.000010
0.219950 0.171142 0.084158 0.495463 0.026458 0.002829
0.044663 0.242329 0.264184 0.448804 0.000010 0.000010
0.000010 0.050429 0.498778 0.428822 0.017134 0.004827
0.137118 0.047244 0.282508 0.510587 0.022532 0.000010
0.047768 0.249199 0.275315 0.424344 0.000010 0.003365
0.000010 0.068344 0.471787 0.434850 0.015308 0.009701
0.010017 0.311267 0.279664 0.369986 0.024571 0.004495
0.000010 0.417623 0.294431 0.278752 0.009174 0.000010
0.230585 0.225380 0.014754 0.499201 0.030069 0.000010
0.036519 0.035215 0.295451 0.606214 0.013416 0.013185
0.000010 0.387035 0.299850 0.305997 0.006214 0.000893
0.000010 0.625514 0.102628 0.252976 0.016051 0.002820
0.021288 0.334394 0.221461 0.400694 0.021496 0.000667
0.241868 0.176019 0.000010 0.565281 0.016812 0.000010
0.380730 0.000010 0.045227 0.455672 0.041972 0.076390
0.006370 0.189782 0.345535 0.458294 0.000010 0.000010
0.000010 0.270276 0.158854 0.000010 0.570841 0.000010
0.005607 0.107987 0.480671 0.357425 0.038088 0.010223
0.002427 0.093360 0.483206 0.408702 0.007011 0.005295
0.000010 0.094287 0.380967 0.508407 0.003894 0.012435
0.174463 0.179700 0.093169 0.540188 0.012471 0.000010
0.004202 0.132393 0.470356 0.326310 0.062551 0.004188
0.000010 0.408413 0.265774 0.324853 0.000010 0.000940
0.154056 0.067737 0.234669 0.510055 0.009894 0.023588
0.007725 0.076002 0.453811 0.449672 0.006390 0.006401
0.000010 0.197606 0.275880 0.500226 0.000010 0.026268
0.025526 0.207044 0.236088 0.522859 0.000010 0.008473
0.011979 0.616873 0.129323 0.241805 0.000010 0.000010
0.244747 0.153294 0.009293 0.575535 0.017121 0.000010
0.000010 0.086514 0.517407 0.395118 0.000010 0.000942
0.008292 0.076944 0.483162 0.421503 0.007605 0.002495
0.209135 0.193470 0.061422 0.512271 0.023693 0.000010
0.009150 0.221418 0.337376 0.296688 0.129451 0.005916
0.015739 0.065576 0.481192 0.437473 0.000010 0.000010
0.000010 0.183623 0.448106 0.293301 0.074950 0.000010
0.000010 0.084805 0.503447 0.411717 0.000010 0.000010
0.017898 0.235879 0.235574 0.484996 0.009041 0.016612
0.009357 0.075524 0.525152 0.354705 0.033740 0.001521
0.000010 0.097077 0.483913 0.398382 0.013455 0.007162
0.000010 0.071075 0.492716 0.419810 0.016379 0.000010
0.024018 0.223510 0.287797 0.445680 0.000010 0.018986
0.000010 0.425871 0.239220 0.334879 0.000010 0.000010
0.043202 0.123739 0.398073 0.289580 0.142881 0.002525
0.121375 0.079544 0.238598 0.536620 0.004834 0.019030
0.151366 0.060506 0.255402 0.516692 0.012730 0.003304
0.000010 0.086797 0.442291 0.445089 0.019668 0.006145
0.035796 0.010559 0.259509 0.664763 0.013295 0.016078
0.000010 0.350648 0.115021 0.000010 0.534301 0.000010
0.230624 0.210159 0.044400 0.497459 0.017347 0.000010
0.017027 0.426106 0.279203 0.277644 0.000010 0.000010
0.000010 0.198554 0.322898 0.458253 0.011509 0.008777
0.035092 0.000010 0.312286 0.625662 0.009320 0.017630
0.156064 0.090733 0.209464 0.528600 0.015129 0.000010
0.033455 0.289851 0.282688 0.393986 0.000010 0.000010
0.001095 0.102179 0.484591 0.398098 0.010393 0.003643
0.022600 0.207467 0.270633 0.474071 0.000010 0.025219
0.008630 0.122757 0.396606 0.464485 0.007512 0.000010
0.365548 0.000010 0.064899 0.483212 0.032682 0.053650
0.029885 0.226630 0.260451 0.468904 0.000353 0.013777
0.000010 0.173785 0.428612 0.293317 0.102571 0.001705
0.198073 0.162089 0.133527 0.467703 0.025269 0.013339
0.162946 0.183281 0.128650 0.499857 0.007275 0.017991
0.001159 0.153624 0.445552 0.336563 0.051636 0.011466
0.138653 0.085582 0.254577 0.508042 0.010255 0.002891
0.000010 0.061263 0.458134 0.450350 0.014952 0.015291
0.000010 0.436085 0.264028 0.288481 0.004046 0.007350
0.013882 0.105551 0.418871 0.450290 0.006989 0.004416
0.005686 0.069128 0.477601 0.429427 0.005010 0.013147
0.027990 0.246495 0.287178 0.432713 0.000010 0.005613
0.027127 0.034534 0.451549 0.306585 0.175225 0.004979
0.000010 0.219700 0.350762 0.276569 0.145583 0.007375
0.008598 0.072182 0.467248 0.427113 0.013455 0.011404
0.013080 0.060274 0.484424 0.434986 0.007225 0.000010
0.040313 0.000010 0.529282 0.153351 0.259944 0.017100
0.007744 0.370363 0.171077 0.000010 0.450796 0.000010
0.058295 0.000010 0.558152 0.114049 0.268041 0.001454
0.000010 0.091785 0.479979 0.394071 0.026278 0.007878
0.042149 0.180413 0.269462 0.495005 0.006942 0.006028
0.039810 0.197443 0.253510 0.491769 0.000010 0.017458
0.006390 0.157901 0.434054 0.335344 0.058366 0.007944
0.015307 0.213534 0.377100 0.264239 0.123843 0.005978
0.004178 0.415099 0.275959 0.222013 0.073473 0.009278
0.016984 0.180448 0.385158 0.290484 0.123825 0.003102
0.008648 0.183308 0.415974 0.324978 0.066318 0.000774
0.009173 0.245384 0.392556 0.272505 0.080161 0.000222
0.005346 0.199086 0.380933 0.263878 0.150748 0.000010
0.018274 0.164710 0.461825 0.268198 0.086984 0.000010
0.008872 0.051625 0.483345 0.439544 0.016604 0.000010
0.000010 0.370664 0.285320 0.283429 0.046480 0.014097
0.023489 0.126889 0.410369 0.439233 0.000010 0.000010
0.000010 0.304458 0.133864 0.000010 0.559758 0.001899
0.023394 0.303247 0.304978 0.354289 0.014081 0.000010
0.000010 0.338053 0.125398 0.000010 0.536520 0.000010
0.000010 0.336531 0.097992 0.000010 0.565447 0.000010
0.021747 0.143020 0.429394 0.326737 0.079091 0.000010
0.000010 0.117988 0.488956 0.391072 0.000010 0.001964
0.016797 0.258939 0.370482 0.284032 0.069740 0.000010
0.000010 0.152350 0.474905 0.341910 0.030815 0.000010
0.000010 0.132426 0.519114 0.342083 0.000010 0.006358
0.021615 0.169008 0.383533 0.362417 0.053318 0.010111
0.143763 0.094634 0.219291 0.515364 0.026938 0.000010
0.000010 0.169307 0.380759 0.267380 0.161145 0.021398
0.000010 0.219533 0.351845 0.273883 0.141608 0.013121
0.001833 0.211143 0.364789 0.297286 0.124938 0.000010
0.005637 0.130717 0.455467 0.345724 0.056585 0.005869
0.007009 0.155431 0.416171 0.295954 0.125425 0.000010
0.000010 0.340956 0.152006 0.000010 0.507008 0.000010
0.000010 0.081163 0.555129 0.363678 0.000010 0.000010
0.012304 0.144517 0.417011 0.301154 0.125004 0.000010
0.013756 0.163684 0.404588 0.329450 0.088512 0.000010
0.223955 0.172755 0.044976 0.535268 0.022561 0.000484
0.229247 0.180196 0.056225 0.519840 0.014481 0.000010
